1655935342        128        128      10778       9880
1655935352       4834       4835     471559     350721
1655935362     267073     465865    5319734  432121603
1655935372      64636      68292    5198894    8249197
1655935382      39129      41000    3257095    4716840
1655935392        237        237      26225      16003
1655935403      21133      21852    1826248    2294191
1655935413      19041      19040    1979905    1571028
1655935423       9950       9945    1040036     822751
1655935433        303        304      24791      17322
1655935447      12627      12634    1313966    1042149
1655935457      19794      19793    2061587    1634714
1655935468       9410       9411     983876     778571
1655935478      20166      20168    2101040    1665970
1655935488       3159       3155     332045     258383
1655935498      23869      44709     198652   45199279
1655935509        340        344      26972      19829
1655935519      17925      32214     261802   31177785
1655935529      57259     107235     458819  108529016
1655935539        194        197      20385      12886
1655935549      17454      17457    1868873    1442266
1655935559      13553      13548    1408338    1116267
1655935570      15613      15619    1635302    1293257
1655935580      15341      15337    1596492    1264900
1655935590        195        198      20323      13407
1655935600        206        206      20725      13689
1655935610       4124       4124     383991     350963
1655935620       1513       1600     113317     186181
1655935630       5980       6092     467616     551546
1655935641     252566     252626   26108654   20862765
1655935651     188256     188282   19877585   15530342
1655935661       2086       2105     185231     176671
1655935671        642        652      79122      56516
1655935681       1864       2083     162221     218416
1655935691       2712       2731     232737     225235
1655935702       1150       1161     101335     106751
1655935712       3065       3170     249248     255635
1655935726        427        568      74907      34580
1655935736       2950       3019     248311     314803
1655935746       1976       2043     197195     229907
1655935756       1765       1842     138234     201257
1655935766       1432       1500     125922     166056
1655935777      10880      14770    4462087    8602503
1655935787       5354       5407    4157915     193410
1655935797       2091       2310     155980     517543
1655935807      11031      15164    4447842    9133581
1655935817       6333       6411    4418290     280758
1655935827       2132       2229     209230     265643
1655935838       1444       1517     116515     171448
1655935848       3320       3399     613931     303493
1655935858      15929      21276    8645671   11762748
1655935868       7189       9218    3220962    4506264
1655935878       5165       5255    3299556     293743
1655935888       9870      11649    5072214    4059992
1655935899       1452       1518     118342     170848
1655935909       2889       3011     224351     347658
1655935919       6457      10342     207623    8540152
1655935929       6271       6332    4462711     254347
1655935939       6034       6137    4273959     305737
1655935949       1522       1596     122461     181443
1655935960      16064      20295    8753563    9377893
1655935970       1460       1531     123188     172147
1655935980       2158       2257     219431     268594
1655935990       2453       2529     642190     222205
1655936000      16806      22160    8722139   11904756
1655936010       4495       4553    3230577     187078
1655936021       9048      11118    4464714    4656250
1655936031       3750       5487     160687    3859718
1655936041       6097       6288    3955756     569601
1655936051       4137       4211     329101     389788
1655936061       1294       1315     107461     114566
1655936072       1455       1504     186667     182713
1655936082       1029       1037     106372      85648
1655936092        773        786      71001      72851
1655936102        537        539     107010      42198
1655936112      13839      17841    8595645    8847014
1655936123      32106      61731     353992   63650024
1655936133     112342     208198     918039  208298909
1655936143       4914       8752     209904    8376019
1655936153        318        316      40196      21382
1655936163        539        538     132999      28351
1655936173        298        298      34630      20247
1655936184        428        427      43611      26178
1655936194        315        313      37273      20675
1655936204        424        424      40914      25946
1655936214        312        311      34838      20382
1655936224        309        307      38497      20807
1655936235        443        444      44754      26562
1655936245        289        289      34444      19948
1655936255        441        441      41775      26429
1655936265        346        345      41147      22502
1655936275        307        306      36887      20722
1655936285        410        410      40577      25576
1655936296        311        312      35311      20900
1655936306        385        383      42994      24402
1655936316        323        324      37573      20943
1655936326        293        293      34572      20112
1655936336        365        366      38074      23411
1655936347        323        325      40485      21766
1655936357        372        371      40567      23658
1655936367        310        310      36164      21691
1655936377        304        306      35835      20748
1655936387        366        365      41670      23778
1655936398        313        312      37850      20778
1655936408        361        363      39038      23267
1655936418        326        326      38306      21211
1655936429        296        295      36773      20279
1655936439        361        362      37877      23281
1655936449        295        296      35389      20310
1655936459        376        375      42128      23982
1655936469        303        303      36882      20447
1655936480        354        354      38704      23092
1655936490        298        299      34653      20258
1655936500        308        308      39491      20855
1655936510        404        403      42549      25522
1655936520        311        312      36166      20405
1655936530        370        369      38368      23505
1655936541        331        334      41821      22396
1655936551        357        359      41953      23329
1655936561        394        393      41753      24812
1655936571        339        341      38510      22063
1655936581        394        395      44040      25169
1655936591        336        336      39841      21935
1655936602        328        330      37995      21761
1655936612        398        399      40417      24768
1655936622        321        320      38981      21018
1655936632        384        383      41251      24149
1655936642        297        300      35313      20543
1655936652        315        315      35884      20971
1655936663        389        390      43949      24558
1655936673        338        341      39531      22059
1655936683        374        372      39374      23906
1655936693        313        314      35641      20939
1655936703        324        325      40550      21605
1655936714        404        401      42739      24953
1655936724        319        318      35729      20767
1655936734        381        380      41643      24324
1655936744        312        311      37872      20996
1655936754        324        323      37003      21478
1655936764        389        388      40499      24557
1655936775        337        337      40459      22118
1655936785        386        384      42658      24302
1655936795        319        318      36190      21146
1655936805        294        294      34769      20137
1655936815        414        412      45312      25478
1655936825        351        351      40057      21920
1655936836        369        371      38891      23862
1655936846        310        310      35571      20771
1655936856        415        413      46263      25563
1655936866        327        327      38573      21564
1655936876        295        294      34780      20148
1655936887        367        366      38344      23462
1655936897        345        343      42735      22369
1655936907        406        406      42667      25054
1655936917        319        319      36612      21247
1655936927        316        315      35006      20509
1655936937        389        389      42488      24855
1655936948        316        316      37706      21025
1655936958        360        359      38281      23276
1655936968        299        298      34774      20302
1655936978        319        318      39707      22287
1655936989        405        402      44680      26374
1655936999        306        306      35508      22181
1655937009        367        366      38082      23341
1655937019        310        311      38046      20870
1655937029        313        311      37019      20682
1655937039        470        471      44061      29109
1655937050        338        339      37468      23004
1655937060        400        398      46160      26129
