1655935346       3312       3334     328464     247959
1655935356     253881     451232    4069111  430512886
1655935366      72623      75682    6013397    8413426
1655935376      78810      81934    6764812    8985764
1655935386       6450       6448     674691     530302
1655935397      11238      11856     901793    1396627
1655935407      37865      37973    3844297    3213379
1655935417      31987      31985    3339398    2648188
1655935427        330        331      28980      19010
1655935438       4614       4614     479808     377694
1655935448       2524       2529     233745     196572
1655935458        109        110      11332       7598
1655935468        237        237      17095      12919
1655935478        107        109       9909       7362
1655935488        105        106       8471       7015
1655935499        243        240      18115      13114
1655935509        116        120      11243       7624
1655935519        237        238      14516      12582
1655935529        115        115       9417       7688
1655935539        125        127      12010       7948
1655935549        234        235      17093      12815
1655935559        105        105       8514       7095
1655935570        224        226      14294      12382
1655935580        117        118      11661       7755
1655935590        115        117      11612       7840
1655935600        238        239      14786      12917
1655935610        122        122      12592       8043
1655935620        251        251      17201      13211
1655935630        101        101       8396       6853
1655935641        125        128      11131       8000
1655935651        230        232      16462      12665
1655935661        118        118      12211       7628
1655935671        222        222      14258      12276
1655935681        116        277      10033      12782
1655935691        103        113       9955       7474
1655935701        242        241      18034      12889
1655935713        109        263       8539      12148
1655935723        294        372      19627      18656
1655935733        116        116      10695       7382
1655935743        118        117      12204       7533
1655935753        227        226      14306      12362
1655935763        107        106      10347       7256
1655935774        236        235      15950      12714
1655935784        114        114      11195       7456
1655935795        238        237      14759      12832
1655935805        118        116      10210       7854
1655935815        117        118      10661       7444
1655935825        242        241      17099      12899
1655935835        112        115       8693       7252
1655935845        236        236      15871      12903
1655935855        102        102       9776       7070
1655935865        108        109      11175       7451
1655935876        227        228      14306      12428
1655935886        108        108      10056       7191
1655935896        239        240      16399      12836
1655935906        107        108      11155       7376
1655935916        121        120      10489       7522
1655935926        238        237      16665      12646
1655935936        126        130      12421       8026
1655935947        225        225      15046      12453
1655935957        106        108       8532       7168
1655935967        102        103      10230       7186
1655935977        238        237      17932      12874
1655935987        104        106       9600       7206
1655935997        233        234      14332      12516
1655936007        101        102       9686       7152
1655936018        127        128      12364       7786
1655936028        232        232      15655      12539
1655936038        114        115       8654       7213
1655936048        226        228      15946      12526
1655936058        124        122      12355       7708
1655936068         98         99      10008       7109
1655936078        223        225      14153      12296
1655936089        120        119      11120       7581
1655936099        243        240      18033      12828
1655936109        113        112      10503       7354
1655936119        105        105       8460       6993
1655936129        243        242      16210      12741
1655936139        126        123      12414       7576
1655936149        239        238      16747      12962
1655936159        100        100       8403       6925
1655936170        104        104       9723       7253
1655936180        230        229      15858      12604
1655936190        118        117      10077       7479
1655936200        224        224      14362      12418
1655936210        124        124      10855       7903
1655936220        231        231      16757      12471
1655936231        121        120      10344       7533
1655936241        106        108       8583       7173
1655936251        254        252      17664      13429
1655936261        180        180      18163      10534
1655936271        271        271      18262      14419
1655936281        118        118       9958       7807
1655936291        126        125      10940       7895
1655936305        247        247      19766      13682
1655936315        148        150      12757       8947
1655936325        207        206      16686      11667
1655936335        133        133      12447       9145
1655936346        147        149      13256      11045
1655936356        175        176      12096      10302
1655936366        109        108      10378       7517
1655936376        189        192      14745      12032
1655936386        110        111      11684       7741
1655936396        170        169      11626       9923
1655936406        108        112      10677       7448
1655936417        115        115       9712       7358
1655936427        165        164      14473       9861
1655936437        113        116       8784       7386
1655936447        163        163      12807       9838
1655936457        107        107      10600       7244
1655936467        119        120      12577       7891
1655936477        154        155      11150       9481
1655936487        112        111      10603       7347
1655936498        165        167      13043       9703
1655936508        125        126      13062       7941
1655936518        106        106       8637       7103
1655936528        176        176      13897       9989
1655936538        113        117      10395       7523
1655936548        175        175      13953      10243
1655936558        101        103       9385       7288
1655936569        111        112       9929       7352
1655936579        157        157      12917       9834
1655936589        113        115       9988       7619
1655936599        159        160      12092       9526
1655936609        109        110       8712       7292
1655936619        110        112      10736       7536
1655936629        170        171      13137       9998
1655936640        107        108      10349       7084
1655936650        169        170      11438       9872
1655936660        103        104      11066       7410
1655936670        117        118      10884       7576
1655936680        153        152      12705       9346
1655936690        107        108       8539       7153
1655936700        161        164      14199       9991
1655936710        119        118      11405       7509
1655936721        110        110      10256       7219
1655936731        166        165      11365       9664
1655936741        109        109      11974       7441
1655936751        167        166      12377       9809
1655936761        107        107       9998       7164
1655936771         99         99       8385       6918
1655936781        171        170      15126      10040
1655936792        107        107      10295       7376
1655936802        165        165      12517       9605
1655936812        103        103       8583       7082
1655936822        128        125      13071       7779
1655936832        166        165      13323       9703
1655936842        115        116       9966       7519
1655936852        153        152      10852       9200
1655936863        121        119      12411       7770
1655936873        151        150      12407       9332
1655936883        111        110       9692       7285
1655936893        101        101       8533       6988
1655936903        175        173      14313      10106
1655936913        105        104      10554       7173
1655936923        168        168      13141       9660
1655936934        104        104       8428       6906
1655936944        125        124      11394       7929
1655936954        165        163      12678       9654
1655936964        111        111      10454       7292
1655936974        149        149      11046       9315
1655936984        119        118      11720       7865
1655936995        109        109      10733       7333
1655937005        171        171      13133       9901
1655937015         97         98       8324       6868
1655937025        174        173      13638      10225
1655937035        122        125      10860       8073
1655937045        223        224      16096      12969
1655937055        155        155      10951       9298
