1655935344        126        126      10675       9765
1655935354       4867       4869     471784     350884
1655935364     251450     450212    3897567  430575810
1655935375      76314      80364    6238641    9499976
1655935385      41802      43685    3541794    4934981
1655935395        263        264      28703      18440
1655935405      18828      19542    1584992    2109029
1655935415        175        177      13090      11204
1655935425        123        124      13150       8140
1655935435        223        224      14276      12316
1655935446        179        181      14371      11138
1655935456        259        260      15309      12877
1655935466        127        126      13754       8108
1655935476         97        100       8335       6913
1655935486        224        224      14294      12316
1655935496        106        106       9248       7224
1655935506        246        247      20164      13422
1655935517        106        107       8532       7135
1655935527        100        100       8533       7015
1655935537        235        238      15387      12813
1655935547        115        116      13761       7817
1655935557        270        270      15125      13193
1655935567        113        116       9537       7663
1655935577        270        271      18583      14246
1655935587        122        122      14139       8354
1655935598        126        128      10192       8250
1655935608        247        248      16014      13566
1655935618        114        113       9908       7384
1655935628        246        247      20134      13435
1655935638        107        111       8669       7438
1655935648         95         95       8299       6800
1655935658        269        269      16255      13181
1655935669        120        120      14681       7861
1655935679        236        292      14534      14458
1655935689         98        213       8718      10749
1655935699        132        131      15153       8156
1655935709        221        298      14251      14877
1655935719        108        262       9041      12331
1655935729        229        228      15813      12474
1655935739        127        125      14040       7958
1655935750         95         95       8299       6800
1655935760        268        267      15562      13125
1655935770        106        106       9927       7224
1655935780        237        234      18250      12880
1655935790        106        106       8532       7102
1655935800        104        104       9521       7345
1655935810        248        246      16382      13343
1655935821        106        107      11108       7575
1655935831        235        237      14516      12669
1655935841        101        102       9467       7177
1655935851        109        109       9594       7202
1655935861        267        268      18254      13502
1655935871        107        108       8539       7153
1655935881        235        236      15652      12747
1655935892        126        128      11766       8445
1655935902        108        108      12655       7594
1655935912        232        233      14484      12593
1655935922        102        103       9596       7064
1655935932        237        237      16371      12751
1655935942        115        118      13629       7973
1655935952        105        107       8514       7161
1655935962        259        259      15050      12855
1655935973        113        115      10314       7384
1655935983        234        236      18081      13091
1655935993        108        109       8689       7278
1655936003         96         98       8785       6995
1655936013        236        238      16102      12810
1655936023        110        110      12916       7593
1655936033        233        235      14491      12644
1655936044         97         99       8947       7002
1655936054        228        228      15771      12474
1655936064        161        160      14409       8416
1655936074         97        100       8324       6924
1655936084        236        234      15279      12729
1655936094        101        101       9691       7013
1655936104        259        256      20770      13494
1655936115         94         94       8292       6782
1655936125        108        108       9457       7249
1655936135        231        230      15552      12499
1655936145        124        123      11605       8169
1655936155        223        223      14265      12294
1655936165        146        145      10076       7909
1655936175        116        114      12791       7586
1655936186        234        234      14498      12596
1655936196        104        104       9753       7203
1655936206        256        254      19453      13829
1655936216         99         99       8624       7075
1655936226        106        106       8532       7102
1655936236        232        233      15809      12769
1655936247        128        127      13981       8170
1655936257        279        278      18185      14615
1655936267        160        160      10431       8437
1655936277        134        134      13018       8592
1655936287        287        285      22143      15190
1655936297        100        101       8733       7194
1655936307        239        239      19884      15584
1655936321        131        132      14111       9616
1655936331        174        175      11824      10163
1655936341         96         99       8417       6972
1655936352        116        116      11193       7538
1655936362        194        193      15439      10716
1655936372        119        122       8894       7640
1655936382        157        156      11476       9728
1655936392        115        116      11098       7487
1655936402        110        114      12934       7839
1655936412        156        156      11155       9491
1655936423         94         95       8292       6815
1655936433        168        170      13767       9952
1655936443        108        109      12499       7601
1655936453        106        107       8532       7135
1655936463        169        170      11118       9390
1655936473        119        119      11188       7519
1655936483        177        178      16130      10338
1655936494         97         99       8335       6880
1655936504        106        107       8680       7249
1655936514        158        157      13430       9497
1655936524        128        129      13482       8171
1655936534        149        149      10983       9254
1655936544        106        109       8651       7398
1655936555        154        155      12368       9486
1655936565        145        144      12448       8269
1655936575        107        109       8564       7163
1655936585        157        159      11014       9461
1655936595        105        106      10949       7192
1655936605        168        169      15235      10219
1655936616         94         96       8292       6848
1655936626        107        108       8687       7267
1655936636        157        157      13461       9485
1655936646        116        118      12545       8017
1655936656        146        147      10792       9115
1655936666        132        132       9038       7508
1655936677        115        118      11204       7541
1655936687        178        178      16006      10470
1655936697         97         97       8335       6814
1655936707        156        158      11081       9561
1655936717        114        114      14266       8001
1655936727        107        107       8687       7234
1655936738        151        151      11082       9319
1655936748        129        127      14722       8235
1655936758        150        149      11064       9305
1655936768        135        135       8922       7437
1655936778        108        107      10494       7228
1655936788        163        162      15514      10007
1655936798        108        108       8705       7241
1655936809        146        146      10940       9196
1655936819        116        116      11755       7473
1655936829        119        117      13863       7813
1655936839        161        163      11268       9763
1655936849         95         95       8310       6789
1655936859        165        165      13200       9740
1655936869        152        150      14030       8209
1655936879        107        107       8528       7131
1655936890        147        147      10810       9089
1655936900        114        114      10732       7447
1655936910        158        157      14582       9884
1655936920        104        104       8507       7077
1655936930         96         96       8317       6807
1655936940        162        162      13120       9631
1655936951        113        111      11839       7612
1655936961        154        154      10982       9334
1655936971        131        131       8908       7353
1655936981        167        166      13402       9883
1655936991        119        118      12822       7808
1655937001        108        108       8705       7241
1655937011        150        150      11138       9378
1655937022        114        115      10918       7594
1655937032        170        171      15356      10456
1655937042        222        223      14796      13167
1655937052         97         98       8483       6961
