1655935342        120        120      10116       9408
1655935352       4855       4857     472213     351275
1655935362     220429     413760    1715086  419235009
1655935372      57871      65037    4143514   15053138
1655935382      76898      80410    6531684    9107249
1655935393      26115      26626    2499186    2573420
1655935403        401        403      33850      23430
1655935413      18435      19161    1565095    2087574
1655935423        125        125      12970       8194
1655935433        225        224      14312      12316
1655935444        190        193      14191      11564
1655935455        237        237      16161      12824
1655935465        122        123      13230       7947
1655935475        229        231      14483      12568
1655935485        112        113       8607       7210
1655935495        101        101       9631       7108
1655935505        263        266      19894      13691
1655935515        102        103       8547       7084
1655935526        238        238      14714      12804
1655935536        103        106       9883       7243
1655935546        125        126      13309       7979
1655935556        233        231      14401      12394
1655935566        136        138      12439       8599
1655935576        278        279      22842      14946
1655935586        128        128       9887       8012
1655935596        104        106       8839       7384
1655935607        283        284      21448      14919
1655935617        119        118      10677       7744
1655935627        236        238      14651      12753
1655935637        102        106       8511       7211
1655935647        116        114      14331       7777
1655935657        248        250      16619      12960
1655935667         94         94       8292       6782
1655935678        237        236      14530      12632
1655935688        117        287      13199      13433
1655935698        114        114      10459       7314
1655935721        245        479      14630      20461
1655935731        248        245      19871      13315
1655935741        116        116      10119       7350
1655935752        229        227      14340      12355
1655935762        110        110       8593       7141
1655935772        115        114      12697       7774
1655935782        246        245      15978      12862
1655935793        101        101       8551       7022
1655935803        273        270      20480      14412
1655935813        105        105       9400       7047
1655935823        105        106       8514       7128
1655935833        227        230      14492      12590
1655935844        118        118      12180       7826
1655935854        235        236      16274      12611
1655935864        114        116       8809       7415
1655935874         92         93       8101       6632
1655935884        256        256      19345      13627
1655935894        107        109      10364       7286
1655935904        240        240      14716      12804
1655935914         98         99       8176       6707
1655935925        129        128      14276       8175
1655935935        233        237      16128      12860
1655935945        110        110       8582       7152
1655935955        229        231      14340      12435
1655935965        126        126      13107       8100
1655935975        102        103       9868       7038
1655935985        244        245      14789      12938
1655935996         93         95       8119       6672
1655936006        253        254      18926      13602
1655936016        108        109       9813       7139
1655936026        233        233      14491      12604
1655936036        106        107       9102       7555
1655936046        116        118      13655       7856
1655936056        245        245      15844      12888
1655936067        100        100       8378       6846
1655936077        236        237      14534      12695
1655936087        126        125      14678       7936
1655936097        113        113       9709       7307
1655936107        230        230      14347      12387
1655936117        110        110       8593       7141
1655936127        248        244      20445      13308
1655936137        112        112      10583       7300
1655936148        104        104       8655       7145
1655936158        242        241      14609      12678
1655936168        111        111      12184       7741
1655936178        241        239      16437      12787
1655936188        102        102       8392       6882
1655936198        130        130      13378       8309
1655936208        239        238      16182      12859
1655936219        110        110       8593       7141
1655936229        222        221      14247      12280
1655936239        134        134      14272       8425
1655936249        104        103       9766       7034
1655936259        302        302      18657      15151
1655936269        111        111       9555       7944
1655936279        274        274      21346      14818
1655936290        146        146      12948       8915
1655936300        125        126       9895       8067
1655936313        227        229      17320      13898
1655936323        141        141      12327       9744
1655936333        172        173      13047      10917
1655936343        108        110       8557       7193
1655936354        196        195      17939      12183
1655936364        123        124       9907       8202
1655936374         98        101       8580       7169
1655936384        160        160      11295       9647
1655936394        118        118      13130       7841
1655936404        163        166      12810       9755
1655936414        105        105       8583       7028
1655936425        100        101       8504       7015
1655936435        172        174      15841      10581
1655936445        106        107       9948       7088
1655936455        160        160      11279       9607
1655936465        104        106       8417       6973
1655936475        127        128      14109       8161
1655936485        155        155      12347       9371
1655936496        113        115       8773       7364
1655936506        150        152      11001       9301
1655936516        143        140      15347       8399
1655936526        103        104       9643       7082
1655936536        162        166      11423       9961
1655936546        100        100       8367       6857
1655936556        186        187      16424      11350
1655936567        112        113       9777       7303
1655936577        104        104       8507       7077
1655936587        152        154      10878       9212
1655936597        122        123      12781       8192
1655936607        156        157      13082       9466
1655936617        113        115       8614       7261
1655936627         99        100       8497       6997
1655936638        176        176      16217      10500
1655936648        106        108      10316       7121
1655936658        160        161      11205       9574
1655936668        104        105       8417       6940
1655936678        178        178      16992      10439
1655936688        110        111      10395       7241
1655936699        108        108       8546       7138
1655936709        148        152      10902       9276
1655936719        135        134      14623       8311
1655936729        157        157      12758       9528
1655936739         98         98       8490       6946
1655936749        110        110       8582       7152
1655936759        167        166      15567      10140
1655936770        122        122      10362       7539
1655936780        146        146      10866       9148
1655936790        132        131      13978       8143
1655936800        107        106       9725       7180
1655936810        159        159      11124       9475
1655936820        105        105       8572       7039
1655936831        183        181      17275      10376
1655936841        106        108      10729       7432
1655936851        110        110       8582       7152
1655936861        149        148      10983       9221
1655936871        137        136      13774       8223
1655936881        150        149      12658       9182
1655936892        110        110       8593       7141
1655936902         99         99       8349       6850
1655936912        177        175      15937      10288
1655936922        112        112      10423       7244
1655936932        156        156      11070       9436
1655936942         96         96       8317       6807
1655936953        124        124      12491       8173
1655936963        156        156      12693       9444
1655936973        114        114       8780       7316
1655936983        150        150      10990       9264
1655936993        126        125      13279       8067
1655937003        107        107      10093       7187
1655937013        162        162      11156       9518
1655937024        104        105       8417       6940
1655937034        181        184      16320      11114
1655937045        212        213      15763      12793
1655937055        164        164      11329       9657
