1655935342        150        150      13697      10920
1655935352      11802      14952     835458    7176217
1655935362     254323     452856    4358259  430875742
1655935372      68062      71674    5574210    8457106
1655935382      51834      53981    4485071    5980561
1655935392       3580       3575     373311     285463
1655935403      15711      16434    1279446    1854161
1655935413       3647       3651     371060     293709
1655935423        346        346      29129      20110
1655935433        213        214      25961      14463
1655935443        411        414      33233      23586
1655935453        167        167      20797      11436
1655935463        299        298      21859      16380
1655935474        149        151      15454      10448
1655935484        172        171      16803      10923
1655935494        306        304      27724      17163
1655935504        159        163      15658      10794
1655935514        281        280      21544      15959
1655935524        173        172      17091      11137
1655935535        169        170      20018      11424
1655935545        293        293      21773      16323
1655935555        163        162      16441      11012
1655935565        345        346      28656      18504
1655935575        191        193      22149      12669
1655935585        182        181      16557      11400
1655935595        285        287      21839      16346
1655935606        191        192      19558      12208
1655935616        306        302      27105      17148
1655935626        162        163      15701      10753
1655935636        156        160      15655      10778
1655935646        298        297      23563      16470
1655935657        171        171      21712      11426
1655935667        297        296      21823      16340
1655935677        149        148      15454      10349
1655935687        167        337      17271      16340
1655935697        313        310      26861      17260
1655935707        149        189      15443      11687
1655935717        292        485      21766      22674
1655935728        158        157      17021      10590
1655935738        189        186      21780      11740
1655935748        282        281      21551      15977
1655935758        158        158      15651      10644
1655935768        295        293      23049      16250
1655935779        181        180      20521      11664
1655935789        289        288      21655      16048
1655935800        173        172      17141      11268
1655935810        173        172      19457      11866
1655935820        293        294      21784      16319
1655935830        153        155      15493      10483
1655935840        301        302      23763      16531
1655935850        163        164      19732      11307
1655935861        163        164      15708      10771
1655935871        283        282      21569      16010
1655935881        169        169      17653      11054
1655935891        316        315      27408      17520
1655935901        168        169      16161      11167
1655935911        149        150      15443      10400
1655935922        298        299      23447      16536
1655935932        177        173      21705      11424
1655935942        297        300      21964      16647
1655935952        153        155      15625      10601
1655935962        169        168      17259      10903
1655935972        295        295      25459      16925
1655935982        161        163      15683      10753
1655935993        289        289      21655      16081
1655936003        169        169      17116      10973
1655936013        166        166      20310      11348
1655936023        293        292      21762      16301
1655936033        152        153      15497      10447
1655936043        290        289      22865      16252
1655936054        183        182      21504      11687
1655936064        153        153      15493      10443
1655936074        294        297      21802      16392
1655936084        157        155      16625      10576
1655936094        328        326      28674      17455
1655936104        153        152      15482      10421
1655936115        160        160      15687      10658
1655936125        290        289      23616      16211
1655936135        185        182      22306      11690
1655936145        289        288      21882      16297
1655936155        160        160      15676      10669
1655936165        161        160      17426      10644
1655936175        311        308      26158      17213
1655936186        151        150      15468      10385
1655936196        311        310      23918      16789
1655936206        180        177      20875      11712
1655936216        291        291      21759      16261
1655936227        152        151      15475      10403
1655936237        200        198      22167      12479
1655936247        363        381      26576      51976
1655936257        191        199      17238      28255
1655936267        453        531      29843      64878
1655936277        212        209      23748      13098
1655936287        193        193      19493      12455
1655936298        262        263      20575      15097
1655936308        201        201      21093      14034
1655936318        268        268      23722      16000
1655936328        157        157      16759      10737
1655936338        161        161      15683      10713
1655936348        229        230      19318      13923
1655936358        168        167      20424      11230
1655936369        238        239      20673      14294
1655936379        157        158      16041      10971
1655936389        167        168      15971      10963
1655936399        237        237      24129      14037
1655936409        166        169      17284      11124
1655936419        209        209      18424      13094
1655936429        163        162      15708      10705
1655936440        165        167      20565      11270
1655936450        231        230      20497      13777
1655936460        150        151      15461      10433
1655936470        224        224      18622      13391
1655936480        170        168      21239      11249
1655936490        176        177      18024      11353
1655936501        219        219      18623      13285
1655936511        163        163      15856      10852
1655936521        237        235      24978      14136
1655936531        169        168      16943      11138
1655936541        157        160      15938      10969
1655936551        225        227      18788      13588
1655936561        166        164      19473      11285
1655936572        232        233      20046      13900
1655936582        149        151      15454      10422
1655936592        165        164      15881      10844
1655936602        237        235      23114      14134
1655936612        172        173      17578      11472
1655936622        210        210      18368      13027
1655936632        183        183      20792      11714
1655936643        216        218      20031      13574
1655936653        154        153      15522      10406
1655936663        180        179      20092      11429
1655936673        222        223      20325      13444
1655936683        165        164      17520      11077
1655936693        213        213      18463      13155
1655936706        188        186      20061      11702
1655936716        155        154      17130      10558
1655936726        223        222      20405      13602
1655936737        153        152      15493      10410
1655936747        235        233      21421      14082
1655936757        155        154      16834      10400
1655936767        167        166      17870      11111
1655936777        214        214      18333      13004
1655936787        173        171      19290      11415
1655936797        228        226      20145      13475
1655936808        176        176      18139      11237
1655936818        151        150      15616      10499
1655936828        236        234      21930      14140
1655936838        172        171      19317      11260
1655936848        223        222      18689      13406
1655936858        166        165      18345      11170
1655936869        230        228      22003      13860
1655936879        158        157      15561      10467
1655936889        159        158      15669      10644
1655936899        231        229      21971      13818
1655936909        173        173      18071      11204
1655936919        203        202      18116      12817
1655936929        164        163      15874      10826
1655936940        162        161      18741      11119
1655936950        233        232      21088      13898
1655936960        151        149      15468      10378
1655936970        217        215      18614      13324
1655936980        170        169      19429      11106
1655936990        169        168      18098      11136
1655937001        217        216      18376      13047
1655937011        163        163      15708      10712
1655937021        212        213      21736      13500
1655937031        168        170      18340      11304
1655937041        281        281      22145      16909
1655937051        212        212      18393      13078
