1655935345       1487       1496     147015     114153
1655935356     251982     449992    4005110  430277207
1655935366      67356      70471    5434129    8027142
1655935376      80881      84098    6939302    9230261
1655935386      12611      12613    1321033    1043483
1655935396       9263       9759     749719    1146361
1655935406      37663      37892    3771107    3280003
1655935417      34279      34279    3568621    2837450
1655935427        337        338      30414      19279
1655935437       3735       3736     390026     306354
1655935447       3201       3205     313404     255741
1655935457        234        235      15559      12862
1655935467        112        112      13019       7645
1655935477        238        238      15956      12942
1655935488         95         96       8310       6822
1655935498        127        127      10102       7603
1655935508        248        250      19613      13332
1655935518        104        105       8507       7110
1655935528        238        237      14624      12627
1655935538        112        115      10427       7756
1655935548        120        120      13155       7745
1655935559        232        232      14473      12571
1655935569         94         97       8292       6881
1655935579        239        238      16374      12916
1655935589        114        114      12887       7935
1655935599        128        130       9110       7735
1655935609        238        240      14862      12938
1655935620        112        111      10669       7415
1655935630        252        252      19207      13315
1655935640         96        100       8436       7136
1655935650        120        121      10959       7581
1655935660        239        239      19187      13103
1655935670        105        105       8525       7084
1655935680        221        352      14240      16618
1655935691        113        151      10105       8709
1655935701        135        133      14054       7888
1655935711        238        328      14548      15616
1655935722         96        240       8306      11570
1655935732        249        248      16436      13005
1655935742        116        114      14341       7656
1655935752        239        239      14566      12653
1655935762         94         94       8292       6782
1655935772        109        109       9537       7378
1655935782        240        239      18739      13106
1655935793        110        110       8748       7310
1655935803        253        253      15160      13121
1655935813        117        117      10046       7647
1655935823        120        121      12567       7887
1655935833        235        237      14465      12588
1655935843         94         95       8292       6815
1655935854        243        244      16084      12980
1655935864        108        109      12759       7627
1655935874        105        106       8525       7117
1655935884        221        222      14166      12236
1655935894        114        115      10354       7506
1655935904        259        258      19485      13287
1655935914        107        108       8528       7164
1655935925        104        106       8539       7017
1655935935        240        241      16581      13143
1655935945        116        117      14943       7703
1655935955        228        229      14270      12333
1655935965        104        105       8507       7110
1655935975         99        100       9564       7116
1655935985        243        244      19326      13241
1655935996        144        146      11546       9844
1655936006        254        255      16016      12969
1655936016        115        116      13538       7732
1655936026        112        113       8629       7188
1655936036        222        222      14099      12181
1655936046        111        113      10243       7478
1655936057        250        248      19998      13117
1655936069        104        105       8507       7110
1655936079        218        219      14071      12142
1655936089        113        114      10514       7473
1655936100        134        130      14896       7825
1655936110        244        244      14431      12633
1655936120         94         94       8292       6782
1655936130        244        241      16649      12791
1655936140        122        120      14197       7743
1655936150        112        112       8845       7415
1655936161        220        220      14085      12119
1655936171        112        112       9989       7422
1655936181        233        230      17277      12866
1655936191        106        106       8532       7102
1655936201        115        114      10403       7482
1655936211        264        264      19053      13668
1655936221         94         94       8292       6782
1655936232        247        246      16289      12848
1655936242         98        100       8450       7106
1655936252        186        186      17565      10419
1655936262        249        249      17907      13532
1655936272        142        142      12416       8918
1655936282        245        245      16380      13469
1655936293        125        124      13118       8058
1655936303        135        137      10821       8484
1655936313        230        232      17952      12504
1655936323        126        125      12396       8212
1655936333        195        195      16104      12130
1655936343        153        156      14082      11104
1655936353        116        116      10754       8858
1655936364        172        173      11833      10202
1655936374        117        118      13137       8064
1655936384        176        175      12161      10434
1655936394         99        100      10108       7116
1655936404        163        167      11133       9558
1655936414        128        127      13465       7856
1655936425        106        107       8680       7249
1655936435        161        163      12913       9535
1655936445        105        106       8514       7128
1655936455        166        165      16373       9908
1655936465        108        110       8694       7318
1655936475        108        109      10869       7376
1655936486        156        156      11007       9377
1655936496        117        118      14437       7736
1655936506        169        171      11367       9670
1655936516        120        119      11070       7401
1655936526        106        108       8680       7282
1655936536        177        181      15710      10471
1655936546        105        105       8514       7095
1655936557        156        158      11703       9565
1655936567        104        106       8507       7143
1655936577        108        108      12307       7568
1655936587        160        162      12033       9785
1655936597         95         96       8310       6822
1655936607        189        189      15481      10469
1655936617        104        106       9134       7220
1655936628        108        109       9245       7396
1655936638        160        161      11041       9356
1655936648        118        119      13192       7922
1655936658        156        157      11789       9476
1655936668         96         97       8965       6962
1655936678        104        106       8507       7143
1655936689        170        171      17306      10142
1655936699        107        107       9418       7231
1655936709        163        167      11694       9477
1655936719        110        110       8571       7163
1655936729        110        110      13186       7707
1655936740        170        170      12342       9788
1655936750         98         98       9356       7068
1655936760        164        164      11181       9543
1655936770        113        113      13758       7748
1655936780        164        164      12485       9780
1655936790        100        100       9491       7093
1655936801        105        105       8525       7084
1655936811        190        188      17104      10343
1655936821        118        117      10119       7493
1655936831        154        152      12198       9471
1655936841        120        122       8974       7654
1655936851        123        121      14795       7748
1655936862        166        166      11626       9690
1655936872        100         99       9561       6973
1655936882        155        154      11000       9352
1655936892        121        117      14266       7711
1655936902        109        109       9287       7370
1655936912        163        163      11214       9345
1655936922        120        120       9396       7838
1655936933        161        159      14224       9986
1655936943        120        120       9775       7521
1655936953         96         96       8465       6921
1655936963        178        177      14598      10322
1655936973         98         98       9600       7076
1655936984        145        144      10711       8991
1655936994        107        107       8687       7234
1655937004        114        114      13338       7644
1655937014        177        176      12787       9871
1655937024         99        100       8349       6883
1655937034        168        170      11718      10152
1655937045        231        232      18950      13511
1655937055        114        113      10544       7554
