1655935344        124        124      10566       9674
1655935354       4847       4849     471405     350623
1655935364     225959     422775    1850605  427237973
1655935375      82336      86628    6759261   10175447
1655935385      65269      68445    5443893    7894063
1655935395        273        274      29636      19161
1655935405       9317       9756     774988    1104161
1655935416       9582       9865     825890    1010140
1655935426        249        250      19117      13609
1655935436         98         99       8342       6865
1655935446        164        166      13931      10617
1655935457        238        239      15120      12801
1655935467        114        114      13560       7792
1655935477        250        252      14764      12796
1655935487        108        109       8401       7056
1655935497        106        106       9248       7224
1655935508        254        256      20316      13529
1655935518        105        106       8525       7117
1655935528        228        227      14510      12491
1655935538        109        112       9424       7366
1655935548        114        114      13822       7792
1655935558        262        262      16381      13727
1655935568        132        135      15995       8666
1655935579        299        298      25228      15145
1655935589        123        123      10015       7892
1655935599        128        129      11021       8259
1655935609        269        271      17259      14310
1655935619        124        123      13879       8054
1655935629        217        218      13979      12069
1655935639        115        118       9978       7665
1655935649         94         94       8292       6782
1655935660        258        259      21506      13608
1655935670         94         94       8292       6782
1655935680        249        359      14853      16288
1655935690        104        165       8373       8964
1655935700        132        129      15265       8142
1655935710        224        313      14061      15066
1655935720        106        250       9016      11976
1655935731        217        217      13979      12010
1655935741        135        133      15083       8349
1655935751        212        212      13745      11795
1655935761        110        110       9210       7274
1655935772         94         94       8292       6782
1655935782        262        261      19180      13283
1655935792        110        110       8560       7174
1655935802        233        233      15615      12964
1655935812        116        116       8823       7385
1655935822        114        114      12950       7949
1655935832        234        236      14913      13003
1655935843        103        104       9481       7213
1655935853        222        222      13960      12116
1655935863        114        115      13426       7824
1655935873        104        105       8507       7110
1655935883        249        249      15461      12537
1655935893        113        115       8758       7441
1655935903        232        231      19523      12798
1655935914        116        117       8823       7418
1655935924        100        101       9571       7039
1655935934        223        224      13989      12119
1655935944        123        125      15962       8174
1655935954        227        229      14482      12493
1655935964         98         98       8342       6832
1655935974        114        116      11706       7635
1655935984        250        252      16802      12838
1655935995        110        111       8992       7329
1655936005        215        216      13954      12044
1655936015        125        127      12108       7776
1655936025        104        103      11191       7293
1655936035        230        231      14802      12503
1655936045         96         98       8317       6873
1655936055        243        242      17991      12901
1655936066        112        111      11671       7368
1655936077        127        130      10840       8760
1655936087        246        245      14347      12386
1655936097        114        112      12393       7398
1655936107        243        240      17928      12853
1655936117        104        104       9281       7029
1655936127        222        222      14137      12237
1655936137        107        106      10527       7310
1655936148        115        115       9730       7813
1655936158        217        216      14998      12114
1655936168        108        108       8557       7127
1655936178        225        224      16419      12470
1655936188        141        141      10197       7900
1655936198        104        103       9742       7207
1655936208        229        229      14446      12579
1655936219        116        115      12195       7418
1655936229        231        231      15857      12710
1655936239        106        107       9857       7311
1655936249        155        155      12050       9227
1655936259        230        229      18026      12539
1655936269        132        132      11991       8387
1655936279        250        250      18620      13672
1655936290        197        197      15625      11477
1655936300        111        112      11117       7704
1655936312        206        209      16356      12813
1655936323        118        117      10292       8578
1655936333        174        176      13574      10440
1655936343        108        110      10609       7577
1655936354        166        166      12336      10380
1655936364        105        106      10748       7368
1655936374        122        125      11262       7998
1655936384        167        167      13461      10064
1655936394        131        132       9788       7700
1655936404        156        159      13073       9701
1655936414        116        115      11195       7466
1655936425        110        111      11022       7495
1655936435        160        163      12087       9714
1655936445        112        113      12085       7408
1655936455        168        167      14047      10067
1655936465        106        107       9654       7228
1655936475        114        116      10994       7627
1655936485        161        160      11562       9614
1655936496        133        133      11959       7820
1655936506        166        166      12562       9875
1655936516        106        105      10806       7171
1655936526        116        118       9189       7529
1655936536        158        162      12737      10173
1655936546        110        110       8910       7274
1655936556        158        160      13530       9610
1655936567        112        114       9251       7479
1655936577        102        102      10300       7362
1655936587        171        173      11979       9982
1655936597        127        128      11500       7603
1655936607        160        160      11815       9707
1655936617        104        106      10535       7361
1655936627        110        111       9220       7285
1655936637        156        157      13953       9665
1655936648        112        114       9477       7479
1655936658        157        158      13674       9802
1655936668        110        111       9342       7307
1655936678        108        110      11579       7383
1655936688        182        183      12604      10103
1655936698        120        119      11599       7647
1655936708        162        164      12282       9938
1655936719        108        108      10683       7338
1655936729        110        110       9552       7252
1655936739        158        158      13568       9910
1655936749        114        114       9680       7325
1655936759        154        153      13206       9486
1655936769        114        113       9694       7318
1655936779        154        153      13602       9590
1655936790        120        119      10023       7271
1655936800        131        130      11319       7836
1655936810        152        150      12115       9332
1655936820        125        125      11780       7713
1655936830        152        152      11401       9459
1655936840        120        121      11366       7779
1655936851        102        102       8804       7118
1655936861        174        171      14702      10016
1655936871        108        108      10519       7324
1655936881        160        160      11627       9729
1655936891        126        124      11414       7470
1655936901        122        122       9378       7604
1655936912        152        151      11951       9518
1655936922        121        121      11304       7654
1655936932        157        157      12221       9826
1655936942        107        107       9258       7231
1655936952        103        103       9467       7023
1655936962        164        164      13607       9788
1655936972        106        106       9958       7412
1655936983        158        157      11958       9583
1655936993        122        122      10036       7211
1655937003        124        124      11267       7730
1655937013        152        151      12765       9630
1655937023        116        117       9801       7496
1655937033        156        159      11929       9810
1655937043        225        225      17063      13253
1655937054        107        107      10577       7343
