1655935345        571        582      55065      47640
1655935355     224714     418323    2155545  419566321
1655935366      80680      87011    6485586   16324231
1655935376      89209      93185    7468887   10533468
1655935386      19321      20135    1637385    2232310
1655935396        261        262      27132      17225
1655935406      18745      19454    1580680    2103497
1655935416        181        183      13100      11280
1655935427        252        253      19054      13471
1655935437        114        115      10861       7678
1655935448        160        162      11773      10201
1655935458        237        237      15113      12776
1655935469        119        118      13602       7842
1655935479        239        240      14577      12701
1655935489        103        104       8388       6944
1655935499        110        110       9298       7274
1655935509        253        256      20409      13636
1655935519        112        113       8773       7368
1655935530        237        237      15275      12580
1655935540        125        127      13586       8171
1655935550         96         97       8328       6829
1655935560        232        233      14484      12619
1655935570        101        102       9353       7019
1655935580        258        259      19230      13662
1655935590        106        108       8799       7355
1655935601        112        113       8845       7448
1655935611        240        239      15999      13039
1655935621        130        130      13911       8177
1655935631        232        232      14372      12412
1655935641        108        112       8676       7456
1655935651        229        228      15607      12526
1655935662        127        126      15523       8095
1655935672         99         99       8360       6839
1655935682        242        407      14598      18167
1655935692        102        107       8768       7169
1655935704        268        265      21272      13725
1655935715         94        312       8292      13976
1655935725        112        128       8607       7705
1655935735        259        257      22054      13577
1655935745        106        106       8532       7102
1655935756        224        223      14283      12294
1655935766        117        117      11670       7853
1655935776        100        100       8378       6846
1655935786        237        237      16276      12714
1655935796        118        118       9014       7568
1655935806        256        254      18983      13772
1655935816        104        105       8507       7110
1655935827        239        237      16401      12791
1655935837        112        115       8607       7276
1655935847        106        107      12026       7575
1655935857        235        235      14516      12603
1655935868        106        108      10226       7269
1655935878        231        232      14392      12520
1655935888        117        117      12962       7686
1655935898        109        111       8564       7211
1655935908        237        238      16135      12696
1655935918        104        104       8507       7077
1655935929        254        254      19900      13319
1655935939        111        115       8697       7510
1655935949        104        104      11173       7152
1655935959        230        231      14374      12539
1655935969        112        113      12467       7677
1655935979        230        229      14311      12396
1655935989        111        114      11229       7344
1655936000        109        110       8564       7178
1655936010        239        240      18057      13029
1655936020        104        105       8507       7110
1655936030        237        237      17029      12575
1655936040        108        111       8535       7248
1655936050        113        112      13068       7627
1655936060        237        238      17034      12785
1655936071         98        101       8342       6931
1655936081        252        246      19726      13249
1655936091        103        104       8399       6933
1655936101        105        104       9520       7041
1655936111        242        240      15980      12673
1655936121        116        113      13489       7649
1655936132        238        238      14422      12492
1655936142        105        104       9669       7117
1655936152        115        115      10221       7516
1655936162        230        228      16864      12840
1655936172        108        108       8557       7127
1655936182        222        222      14414      12244
1655936192        118        118       9939       7386
1655936203        119        118      12416       8061
1655936213        236        236      14440      12543
1655936223         98         98       8741       6943
1655936233        244        242      15622      12687
1655936243        118        120      12953       7979
1655936253        283        284      18170      14739
1655936263        128        128      14229       8319
1655936274        144        144      15787       8690
1655936284        268        266      20781      14545
1655936294        125        125       9818       7914
1655936304        233        234      20384      15068
1655936314        128        130      10600       9114
1655936324        106        106      11255       7531
1655936334        178        180      11811      10169
1655936345        100        102       9047       7067
1655936355        166        165      13122       9824
1655936365        115        114      12489       7941
1655936375        112        115       8845       7514
1655936385        159        160      12091       9687
1655936395        104        104      10042       7041
1655936406        175        177      15662      10338
1655936416        100        101       8356       6901
1655936426        110        110       9653       7377
1655936436        173        175      16751      10285
1655936446        110        111       8708       7321
1655936456        152        152      12081       9459
1655936466        127        127      13481       8032
1655936477         98        100       8342       6898
1655936487        173        171      12668       9928
1655936497        105        106       9520       7107
1655936510        194        195      17940      10705
1655936520         96         98       8306       6884
1655936530        166        164      12423       9600
1655936541        114        117      10000       7602
1655936551        124        126      13477       8005
1655936561        148        147      10965       9214
1655936571        108        110       9105       7429
1655936581        153        155      11241       9418
1655936591        127        127      13013       7981
1655936601        104        106       9073       7209
1655936612        164        165      11554       9713
1655936622        102        101       9809       7009
1655936632        168        169      14272      10037
1655936642        106        109       9083       7164
1655936652        110        110       9196       7388
1655936662        152        150      12165       9292
1655936673        120        122      12471       7859
1655936683        152        151      11737       9320
1655936694        116        117       9229       7382
1655936704        108        110       9781       7312
1655936714        182        181      15980      10365
1655936724         96         96       9257       6929
1655936734        168        168      11981       9781
1655936744        109        109       9666       7209
1655936755        117        117      11710       7731
1655936765        154        153      12050       9364
1655936775        108        108       9487       7363
1655936785        160        159      13128       9542
1655936795        126        126      12619       7966
1655936805        162        161      12516       9644
1655936815        106        106       9476       7168
1655936826        110        110      10380       7275
1655936836        180        178      15992      10479
1655936846        116        116       9153       7463
1655936856        152        151      12007       9404
1655936866        114        114      10446       7439
1655936876        116        115      12713       7655
1655936887        166        166      11783       9745
1655936897        110        109       9725       7223
1655936907        168        167      12767       9709
1655936917        116        115      11325       7653
1655936927        122        121      11242       8090
1655936937        164        164      12495       9676
1655936947        122        122      10962       7904
1655936958        156        156      12187       9697
1655936968        110        110       9556       7388
1655936978         98         98       8342       6832
1655936988        172        171      14110      10180
1655936999        106        106       9653       7187
1655937009        168        168      13025       9764
1655937019        102        103       8392       6915
1655937029        112        112      10987       7665
1655937039        254        257      17451      14396
1655937049        145        146      11901       8982
1655937060        160        160      12527       9901
