1655935344        128        128      10784       9884
1655935354     242357     439905    3116137  429248343
1655935365      59591      62944    4796396    7549862
1655935375      79401      82615    6909120    9097475
1655935385       5255       5253     543118     426468
1655935395       6078       6490     459598     817663
1655935405      26879      27200    2569056    2442871
1655935416      22134      22134    2268783    1804830
1655935426       2752       2752     253475     199815
1655935436       4608       4610     439592     348622
1655935447       2861       2862     270515     220235
1655935457        574        575      46852      34970
1655935467        410        411      39312      28842
1655935477        520        522      43570      33840
1655935487        393        394      37395      28331
1655935498        415        414      41434      29225
1655935508        528        532      44998      34129
1655935518        401        402      37097      28479
1655935528        525        525      43251      34030
1655935538        417        419      41431      29467
1655935548        399        400      38938      28529
1655935559        575        575      43649      34504
1655935569        434        437      41708      30179
1655935579        584        584      52558      36691
1655935589        397        397      37314      28583
1655935599        415        417      38160      29255
1655935609        566        567      50367      36207
1655935619        407        406      38228      28637
1655935630        515        516      42820      33632
1655935640        403        407      37241      28800
1655935650        414        414      43078      29228
1655935660        581        581      45661      34713
1655935670        391        391      36882      28151
1655935680        528        660      43056      38278
1655935690        411        449      41906      30415
1655935701        407        407      38990      28644
1655935711        518        607      42841      36590
1655935721        403        547      37254      33341
1655935731        543        539      48853      34641
1655935741        407        407      38858      28644
1655935751        391        391      36882      28151
1655935762        578        578      43681      34547
1655935772        407        406      40620      29077
1655935785        535        534      44694      34131
1655935796        399        399      37314      28567
1655935806        563        563      48534      35826
1655935816        393        393      37943      28167
1655935826        405        405      37313      28654
1655935836        520        522      42964      33822
1655935846        413        414      41369      29361
1655935857        550        550      44521      34264
1655935867        436        439      38013      29504
1655935877        387        388      36666      27976
1655935887        547        546      48471      34998
1655935897        401        403      39235      28701
1655935907        523        524      43064      33912
1655935918        397        397      36881      28238
1655935928        419        419      43356      29446
1655935938        793        796      68349      53160
1655935948        387        387      36666      27943
1655935958        556        558      43439      34305
1655935968        429        431      42152      29458
1655935979        539        539      45154      34424
1655935989        391        394      36882      28250
1655935999        413        414      38039      29337
1655936009        533        533      47764      34565
1655936019        407        409      38742      28710
1655936029        520        521      42866      33685
1655936040        401        402      37097      28479
1655936050        416        416      42969      29371
1655936060        560        561      44929      34445
1655936078        423        425      37339      28846
1655936088        548        545      49544      34743
1655936098        407        406      38256      28637
1655936108        520        520      42866      33652
1655936118        651        650      59438      46688
1655936129        415        414      42382      29179
1655936139        533        533      45102      34102
1655936149        395        395      37170      28439
1655936159        540        539      43160      33851
1655936169        439        439      40561      29708
1655936179        525        525      44769      33843
1655936190        401        401      37097      28446
1655936200        397        397      37314      28583
1655936210        547        546      47317      34945
1655936220        397        397      38673      28349
1655936230        528        528      43056      33922
1655936240        393        395      37026      28439
1655936251        480        479      46396      31937
1655936261        549        549      44873      34077
1655936271        427        427      37367      28826
1655936281        531        530      46849      34560
1655936291        409        408      38481      28849
1655936301        397        399      37333      28596
1655936311        525        526      47853      34184
1655936322        479        479      46018      34765
1655936332        473        473      41397      31804
1655936342        573        575      52295      40801
1655936352        417        417      39499      30474
1655936362        492        493      43138      32136
1655936372        433        435      38792      29332
1655936383        461        460      40437      31435
1655936393        407        408      39176      28920
1655936403        404        408      40537      28816
1655936413        469        469      41613      31465
1655936423        393        394      37055      28323
1655936433        471        474      42722      31898
1655936443        409        409      40889      28902
1655936454        389        390      37319      28123
1655936464        493        494      40796      31848
1655936474        426        426      40053      29018
1655936484        483        483      44232      31978
1655936494        393        395      37817      28364
1655936505        401        402      37097      28479
1655936515        469        469      43367      31632
1655936525        415        416      40116      29048
1655936535        463        466      41459      31608
1655936545        401        401      37097      28446
1655936555        397        399      38433      28658
1655936566        502        502      42701      32186
1655936576        414        415      37590      28621
1655936586        463        465      40166      31333
1655936596        399        400      38984      28764
1655936606        475        476      43486      31883
1655936616        393        393      37635      28350
1655936627        401        402      37097      28479
1655936637        461        462      42361      31537
1655936647        413        415      41407      29151
1655936657        453        454      39951      31005
1655936667        456        456      40318      29518
1655936677        401        403      39278      28598
1655936687        471        470      42292      31631
1655936698        391        390      36882      28144
1655936708        473        475      43191      31877
1655936718        399        399      39278      28496
1655936728        407        407      38716      28879
1655936738        455        455      40050      31063
1655936748        407        407      39428      28887
1655936759        467        466      42508      31452
1655936769        454        454      39563      29345
1655936779        393        393      36896      28187
1655936789        463        462      42712      31457
1655936799        413        411      39569      28828
1655936809        466        465      42448      31490
1655936820        401        401      37097      28446
1655936830        405        403      40073      28680
1655936840        475        476      42843      31984
1655936850        403        402      39610      28540
1655936860        465        465      40265      31358
1655936871        455        454      41089      29302
1655936881        411        411      39559      28827
1655936891        457        457      40925      31266
1655936901        401        401      37097      28446
1655936911        467        466      42878      31508
1655936921        409        409      39557      28791
1655936931        651        651      61474      47131
1655936942        463        463      40166      31267
1655936952        397        394      38041      28571
1655936962        473        473      42813      31751
1655936972        446        445      39287      29071
1655936982        466        466      40274      31376
1655936993        397        397      38423      28592
1655937003        417        416      41721      29129
1655937013        455        454      40052      31056
1655937023        407        408      38924      28920
1655937033        469        470      43069      31822
1655937043        517        518      43363      34511
1655937053        393        394      37709      28331
