1655935344        350        349      25883      24006
1655935355     249387     446754    3788187  429861233
1655935365      64696      67564    5240874    7639858
1655935375      87878      91489    7491716   10132482
1655935385      12512      12514    1307559    1032953
1655935395        501        501      44118      31026
1655935405      39671      40392    3763745    3833303
1655935416      37659      37662    3932431    3119829
1655935426       3735       3728     385488     300999
1655935436        413        417      40701      28515
1655935447       6578       6577     670258     530915
1655935457        413        414      37304      29912
1655935467        112        112      13087       7888
1655935477        242        243      19602      13506
1655935487        158        157      14652       8627
1655935498        235        234      18381      13335
1655935508        122        125      13054       8282
1655935518        112        112      13289       7888
1655935528        268        266      20429      14043
1655935538        120        122      13219       8098
1655935548        247        247      18814      13699
1655935558        116        116      13423       8227
1655935569        118        121      13656       8205
1655935579        261        261      21446      14756
1655935589        158        158      14332       8907
1655935599        250        251      20402      13975
1655935609        130        131      14986       8712
1655935619        120        118      14815       7950
1655935629        268        266      21691      13938
1655935640        122        125      13769       8353
1655935650        248        247      19225      13684
1655935660        111        112      13433       7911
1655935670        125        124      14150       8191
1655935680        249        365      20500      17426
1655935690        158        211      14436      10350
1655935700        251        248      20402      13535
1655935710        135        222      15179      11340
1655935721        256        398      21372      18352
1655935731        130        129      12858       8206
1655935741        120        119      13003       7999
1655935751        249        249      18623      13698
1655935761        115        115      12865       7903
1655935771        246        245      19390      13491
1655935781        123        123      12921       8175
1655935792        139        139      12470       8193
1655935802        264        264      19682      14512
1655935812        116        116      13243       8070
1655935822        249        250      18699      13731
1655935832        122        124      13364       8232
1655935842        130        131      13880       8465
1655935852        237        235      19645      13233
1655935863        126        128      14682       8431
1655935873        237        237      19529      13244
1655935883        128        129      14672       8512
1655935893        151        151      15238       8555
1655935903        253        249      21011      13459
1655935913        124        124      15629       8041
1655935923        251        252      19227      13794
1655935933        129        130      14079       8322
1655935944        131        134      13136       8612
1655935954        241        242      19562      13499
1655935964        124        124      13893       8379
1655935974        226        228      18554      12982
1655935984        119        121      13679       8190
1655935994        146        146      14392       8311
1655936005        245        246      20292      13439
1655936015        112        113      13835       7921
1655936025        240        240      19969      13222
1655936035        128        129      14935       8095
1655936045        129        129      15490       8301
1655936055        237        237      20172      13019
1655936065        120        117      15159       7943
1655936076        247        247      21279      13369
1655936086        131        129      15155       8140
1655936096        165        162      16164       8658
1655936106        239        234      20400      12976
1655936116        122        121      12406       8150
1655936126        231        229      18262      13012
1655936136        142        142      13556       8408
1655936147        116        115      12803       8143
1655936157        235        235      17572      13127
1655936167        112        110      12393       7848
1655936177        244        242      18579      13233
1655936187        136        134      13657       8083
1655936197        251        250      18536      13452
1655936207        130        128      14279       8903
1655936217        126        125      13124       8436
1655936228        234        232      18564      12938
1655936238        144        145      13344       8924
1655936248        254        254      19440      14124
1655936258        182        182      17223      10941
1655936268        142        142      16202       9358
1655936278        275        273      21573      14682
1655936288        140        139      13583       8509
1655936299        244        243      19144      13360
1655936309        138        139      16088       9209
1655936319        154        155      16236       9672
1655936329        194        195      17938      11626
1655936339        150        151      14932       9447
1655936349        215        215      18623      15612
1655936360        116        116      14033       8070
1655936370        133        133      14994       8738
1655936380        184        184      17323      11322
1655936390        139        140      13563       8341
1655936400        175        179      16400      10737
1655936410        122        121      14192       8150
1655936420        112        112      14427       7888
1655936430        173        175      16630      10579
1655936441        128        129      14503       8095
1655936451        175        175      17557      10547
1655936461        123        123      15343       8057
1655936471        136        135      16189       8468
1655936481        170        169      17654      10258
1655936491        147        148      15093       8469
1655936504        183        183      15737      10607
1655936514        132        133      13843       8431
1655936524        170        171      15580      10477
1655936534        122        122      12424       8183
1655936544        130        132      13003       8376
1655936555        181        181      16137      10772
1655936565        116        115      13609       7906
1655936575        172        173      14873      10670
1655936585        108        110      12361       7877
1655936595        144        145      13541       8534
1655936605        172        172      15941      10398
1655936615        118        120      12902       8172
1655936626        159        159      15619      10130
1655936636        119        120      13818       8146
1655936646        130        131      14460       8260
1655936656        179        178      17391      10591
1655936666        118        117      14186       8045
1655936676        178        180      17250      10666
1655936687        114        115      14012       8034
1655936697        148        148      13838       8449
1655936707        170        173      15529      10640
1655936717        108        108      13089       7811
1655936727        170        170      16404      10520
1655936738        111        111      14031       7852
1655936748        145        143      14996       8435
1655936758        165        163      16430      10164
1655936768        127        126      14795       8330
1655936778        168        166      17515      10313
1655936788        132        129      15755       8377
1655936798        153        151      15354       8479
1655936809        185        183      17196      10783
1655936819        120        118      14669       7950
1655936829        178        177      16834      10567
1655936839        124        125      14860       8384
1655936849        145        144      14376       8442
1655936859        170        167      16896      10218
1655936869        128        126      14185       8333
1655936879        166        164      15696      10174
1655936890        122        121      12814       8150
1655936900        188        188      14751      10395
1655936910        123        123      12853       8286
1655936920        114        113      13096       7994
1655936930        180        178      16239      10585
1655936940        112        112      12801       7862
1655936951        192        188      16191      10655
1655936961        116        115      13749       7906
1655936971        132        130      14639       8384
1655936981        162        162      15028      10137
1655936991        118        118      12144       8106
1655937001        188        188      15153      10395
1655937011        120        120      13217       8245
1655937022        112        112      13329       7888
1655937032        173        175      16560      10502
1655937042        243        243      19895      14395
1655937052        182        182      16380      10414
