1655935346       2478       2492     243911     186156
1655935356     249173     446117    3536352  430087243
1655935366      68014      70999    5636797    8019381
1655935376      85533      88662    7475130    9585993
1655935386       7645       7643     800037     629531
1655935396       5196       5539     391813     692829
1655935406      26496      26876    2539095    2476000
1655935417      17317      17316    1804256    1431848
1655935427       1479       1478     149241     114684
1655935437        217        217      21670      14510
1655935447       3269       3273     333703     266955
1655935457        577        578      44442      38366
1655935467        114        115      13042       7677
1655935478        235        237      15220      12791
1655935488        148        149      11354       9603
1655935498        115        115       9904       7475
1655935508        253        257      19703      13381
1655935518        114        115       8742       7375
1655935528        236        236      15279      13111
1655935538        114        117      10154       7545
1655935549        112        113      13053       7652
1655935559        237        237      14552      12617
1655935569         96         99       8317       6906
1655935579        236        237      16291      12898
1655935589        126        126      13048       8074
1655935599        116        118       8938       7607
1655935609        240        242      14898      12952
1655935620        118        118      10685       7508
1655935630        240        240      19055      13165
1655935640        114        118       8877       7597
1655935650        222        223      14258      12335
1655935660        140        137      16282       8490
1655935670         95         95       8310       6789
1655935680        223        356      14276      16698
1655935695        134        170      10470       9069
1655935705        244        242      17809      12973
1655935715        114        348      10593      14866
1655935726        240        240      16094      12861
1655935736        114        112      12475       7497
1655935747        112        112      10282       7311
1655935757        220        220      14170      12174
1655935767        118        118      10534       7497
1655935777        232        231      16843      12817
1655935792        123        122      10315       7414
1655935803        245        243      16131      13376
1655935813        130        129      12039       8031
1655935823        106        106       9631       7092
1655935833        233        235      14517      12644
1655935843        104        105       9675       7184
1655935853        242        243      17369      13298
1655935863        102        103       9296       6906
1655935874        108        109       8723       7318
1655935884        229        230      15715      12501
1655935894        121        123      12053       7838
1655935904        234        235      16452      12646
1655935914        118        119       8859       7432
1655935924        104        105       9990       7064
1655935934        246        247      18609      13386
1655935945        106        107      10274       7088
1655935955        227        229      14268      12437
1655935965        104        105       9389       7184
1655935975        116        117      12283       7749
1655935985        228        230      15896      12397
1655935995        102        104       8403       6937
1655936005        239        240      15614      12820
1655936016        115        119      11868       7605
1655936026        116        115      10180       7380
1655936036        218        219      14060      12127
1655936046        114        116      10096       7512
1655936056        240        239      19705      12998
1655936066        110        110       8582       7152
1655936076        221        223      15740      12473
1655936087        129        128      13245       7894
1655936097        109        108       9580       7069
1655936107        233        232      14321      12461
1655936117        116        115      10472       7284
1655936127        249        247      18590      13134
1655936137        101        101      10352       6998
1655936147        113        113       8863       7422
1655936158        226        224      16300      12425
1655936168        118        118      10328       7740
1655936178        224        224      15981      12292
1655936188        109        109       8575       7134
1655936198        117        117      10055       7439
1655936208        242        241      17061      13337
1655936218        114        114      10269       7144
1655936229        229        230      14282      12425
1655936239        108        109      10205       7447
1655936249        163        163      14897       9695
1655936259        234        234      16456      12747
1655936270        110        110       8582       7152
1655936280        218        218      14890      12338
1655936290        119        119      11710       7948
1655936300        131        132      10787       7972
1655936310        198        199      15738      11507
1655936320        154        154      12657       8991
1655936330        182        182      15541      10850
1655936341        148        151      14542      10854
1655936351        136        136      12240      10712
1655936361        176        177      13337      10920
1655936371        119        122      11925       8099
1655936381        176        175      13205      10425
1655936391        101        102       8374       6908
1655936401        121        125      10441       7774
1655936412        164        163      14877      10035
1655936422        126        126      10001       7604
1655936432        152        154      11152       9480
1655936442        112        113      10432       7443
1655936452        110        110      11831       7622
1655936462        164        166      13283       9846
1655936472        108        109      10467       7235
1655936483        170        169      14878      10061
1655936493        111        113      10258       7292
1655936503        173        173      13546       9980
1655936513         96         97       8317       6840
1655936523        138        137      13301       8027
1655936534        154        155      12497       9463
1655936544        118        120      10218       7775
1655936554        146        148      10855       9207
1655936564        118        118      11800       7855
1655936574        108        110       9953       7260
1655936584        164        165      12833       9847
1655936594        106        106       8590       7046
1655936605        172        174      13889      10197
1655936615        107        108       9825       7224
1655936625        109        110       9348       7252
1655936635        156        157      10996       9421
1655936646        106        108      11721       7475
1655936656        158        159      11949       9437
1655936666        100        100       9635       7215
1655936676        110        113       8582       7251
1655936686        158        158      14724       9616
1655936696        122        122      10848       7539
1655936706        154        156      12184       9478
1655936717        114        114       8791       7305
1655936727        118        117      12306       7678
1655936737        164        164      13008       9677
1655936747        105        105      10195       7272
1655936757        157        157      11162       9509
1655936767        105        105      11636       7411
1655936777        116        116      10363       7350
1655936788        156        155      12997       9625
1655936798        114        114       8632       7202
1655936808        172        172      15137      10008
1655936818        118        118      10406       7489
1655936828        111        110      10614       7227
1655936838        160        162      11239       9767
1655936849        119        117      13136       7566
1655936859        161        160      12582       9609
1655936869        103        103       9884       7247
1655936879        179        177      15435      10261
1655936889        102        101       9630       7112
1655936899        120        120      10365       7635
1655936909        171        170      13852      10117
1655936920        106        106      10202       7055
1655936930        168        168      11379       9707
1655936940        104        103      10162       7156
1655936950        117        117      10757       7722
1655936961        151        151      12477       9273
1655936971        110        110       8730       7266
1655936981        154        154      12968       9475
1655936992        118        117      11574       7848
1655937002        115        115      10217       7265
1655937012        165        165      11251       9638
1655937022        104        105       9652       7173
1655937032        178        180      13965      10489
1655937042        218        218      16170      13177
1655937052        112        113       8755       7324
