time              msgs_alloc        msgs_max          errors            send_count        recv_count        route_count       drop_count        send_length       recv_length       route_length      drop_length      
1655935345        0                 0                 0                 0                 0                 0                 0                 0                 0                 0                 0                
1655935355        0                 0                 0                 0                 0                 0                 0                 0                 0                 0                 0                
1655935366        0                 0                 0                 0                 0                 0                 0                 0                 0                 0                 0                
1655935376        0                 0                 0                 0                 0                 0                 0                 0                 0                 0                 0                
1655935386        0                 0                 0                 0                 0                 0                 0                 0                 0                 0                 0                
1655935396        0                 0                 0                 0                 0                 0                 0                 0                 0                 0                 0                
1655935406        0                 0                 0                 0                 0                 0                 0                 0                 0                 0                 0                
1655935416        0                 0                 0                 0                 0                 0                 0                 0                 0                 0                 0                
1655935427        0                 0                 0                 0                 0                 0                 0                 0                 0                 0                 0                
1655935437        0                 0                 0                 0                 0                 0                 0                 0                 0                 0                 0                
1655935448        0                 0                 0                 0                 0                 0                 0                 0                 0                 0                 0                
1655935458        0                 0                 0                 0                 0                 0                 0                 0                 0                 0                 0                
1655935469        0                 0                 0                 0                 0                 0                 0                 0                 0                 0                 0                
1655935479        0                 0                 0                 0                 0                 0                 0                 0                 0                 0                 0                
1655935489        0                 0                 0                 0                 0                 0                 0                 0                 0                 0                 0                
1655935499        0                 0                 0                 0                 0                 0                 0                 0                 0                 0                 0                
1655935509        0                 0                 0                 0                 0                 0                 0                 0                 0                 0                 0                
1655935519        0                 0                 0                 0                 0                 0                 0                 0                 0                 0                 0                
1655935530        0                 0                 0                 0                 0                 0                 0                 0                 0                 0                 0                
1655935540        0                 0                 0                 0                 0                 0                 0                 0                 0                 0                 0                
1655935550        0                 0                 0                 0                 0                 0                 0                 0                 0                 0                 0                
1655935560        0                 0                 0                 0                 0                 0                 0                 0                 0                 0                 0                
1655935570        0                 0                 0                 0                 0                 0                 0                 0                 0                 0                 0                
1655935580        0                 0                 0                 0                 0                 0                 0                 0                 0                 0                 0                
1655935590        0                 0                 0                 0                 0                 0                 0                 0                 0                 0                 0                
1655935601        0                 0                 0                 0                 0                 0                 0                 0                 0                 0                 0                
1655935611        0                 0                 0                 0                 0                 0                 0                 0                 0                 0                 0                
1655935621        0                 0                 0                 0                 0                 0                 0                 0                 0                 0                 0                
1655935631        0                 0                 0                 0                 0                 0                 0                 0                 0                 0                 0                
1655935641        0                 0                 0                 0                 0                 0                 0                 0                 0                 0                 0                
1655935651        0                 0                 0                 0                 0                 0                 0                 0                 0                 0                 0                
1655935662        0                 0                 0                 0                 0                 0                 0                 0                 0                 0                 0                
1655935672        0                 0                 0                 0                 0                 0                 0                 0                 0                 0                 0                
1655935682        0                 0                 0                 0                 0                 0                 0                 0                 0                 0                 0                
1655935692        0                 0                 0                 0                 0                 0                 0                 0                 0                 0                 0                
1655935704        0                 0                 0                 0                 0                 0                 0                 0                 0                 0                 0                
1655935715        0                 0                 0                 0                 0                 0                 0                 0                 0                 0                 0                
1655935725        0                 0                 0                 0                 0                 0                 0                 0                 0                 0                 0                
1655935735        0                 0                 0                 0                 0                 0                 0                 0                 0                 0                 0                
1655935745        0                 0                 0                 0                 0                 0                 0                 0                 0                 0                 0                
1655935756        0                 0                 0                 0                 0                 0                 0                 0                 0                 0                 0                
1655935766        0                 0                 0                 0                 0                 0                 0                 0                 0                 0                 0                
1655935776        0                 0                 0                 0                 0                 0                 0                 0                 0                 0                 0                
1655935786        0                 0                 0                 0                 0                 0                 0                 0                 0                 0                 0                
1655935796        0                 0                 0                 0                 0                 0                 0                 0                 0                 0                 0                
1655935806        0                 0                 0                 0                 0                 0                 0                 0                 0                 0                 0                
1655935816        0                 0                 0                 0                 0                 0                 0                 0                 0                 0                 0                
1655935827        0                 0                 0                 0                 0                 0                 0                 0                 0                 0                 0                
1655935837        0                 0                 0                 0                 0                 0                 0                 0                 0                 0                 0                
1655935847        0                 0                 0                 0                 0                 0                 0                 0                 0                 0                 0                
1655935857        0                 0                 0                 0                 0                 0                 0                 0                 0                 0                 0                
1655935868        0                 0                 0                 0                 0                 0                 0                 0                 0                 0                 0                
1655935878        0                 0                 0                 0                 0                 0                 0                 0                 0                 0                 0                
1655935888        0                 0                 0                 0                 0                 0                 0                 0                 0                 0                 0                
1655935898        0                 0                 0                 0                 0                 0                 0                 0                 0                 0                 0                
1655935908        0                 0                 0                 0                 0                 0                 0                 0                 0                 0                 0                
1655935918        0                 0                 0                 0                 0                 0                 0                 0                 0                 0                 0                
1655935929        0                 0                 0                 0                 0                 0                 0                 0                 0                 0                 0                
1655935939        0                 0                 0                 0                 0                 0                 0                 0                 0                 0                 0                
1655935949        0                 0                 0                 0                 0                 0                 0                 0                 0                 0                 0                
1655935959        0                 0                 0                 0                 0                 0                 0                 0                 0                 0                 0                
1655935969        0                 0                 0                 0                 0                 0                 0                 0                 0                 0                 0                
1655935979        0                 0                 0                 0                 0                 0                 0                 0                 0                 0                 0                
1655935989        0                 0                 0                 0                 0                 0                 0                 0                 0                 0                 0                
1655936000        0                 0                 0                 0                 0                 0                 0                 0                 0                 0                 0                
1655936010        0                 0                 0                 0                 0                 0                 0                 0                 0                 0                 0                
1655936020        0                 0                 0                 0                 0                 0                 0                 0                 0                 0                 0                
1655936030        0                 0                 0                 0                 0                 0                 0                 0                 0                 0                 0                
1655936040        0                 0                 0                 0                 0                 0                 0                 0                 0                 0                 0                
1655936050        0                 0                 0                 0                 0                 0                 0                 0                 0                 0                 0                
1655936060        0                 0                 0                 0                 0                 0                 0                 0                 0                 0                 0                
1655936071        0                 0                 0                 0                 0                 0                 0                 0                 0                 0                 0                
1655936081        0                 0                 0                 0                 0                 0                 0                 0                 0                 0                 0                
1655936091        0                 0                 0                 0                 0                 0                 0                 0                 0                 0                 0                
1655936101        0                 0                 0                 0                 0                 0                 0                 0                 0                 0                 0                
1655936111        0                 0                 0                 0                 0                 0                 0                 0                 0                 0                 0                
1655936121        0                 0                 0                 0                 0                 0                 0                 0                 0                 0                 0                
1655936132        0                 0                 0                 0                 0                 0                 0                 0                 0                 0                 0                
1655936142        0                 0                 0                 0                 0                 0                 0                 0                 0                 0                 0                
1655936152        0                 0                 0                 0                 0                 0                 0                 0                 0                 0                 0                
1655936162        0                 0                 0                 0                 0                 0                 0                 0                 0                 0                 0                
1655936172        0                 0                 0                 0                 0                 0                 0                 0                 0                 0                 0                
1655936182        0                 0                 0                 0                 0                 0                 0                 0                 0                 0                 0                
1655936192        0                 0                 0                 0                 0                 0                 0                 0                 0                 0                 0                
1655936203        0                 0                 0                 0                 0                 0                 0                 0                 0                 0                 0                
1655936213        0                 0                 0                 0                 0                 0                 0                 0                 0                 0                 0                
1655936223        0                 0                 0                 0                 0                 0                 0                 0                 0                 0                 0                
1655936233        0                 0                 0                 0                 0                 0                 0                 0                 0                 0                 0                
1655936243        0                 0                 0                 0                 0                 0                 0                 0                 0                 0                 0                
1655936253        0                 0                 0                 0                 0                 0                 0                 0                 0                 0                 0                
1655936263        0                 0                 0                 0                 0                 0                 0                 0                 0                 0                 0                
1655936274        0                 0                 0                 0                 0                 0                 0                 0                 0                 0                 0                
1655936284        0                 0                 0                 0                 0                 0                 0                 0                 0                 0                 0                
1655936294        0                 0                 0                 0                 0                 0                 0                 0                 0                 0                 0                
1655936304        0                 0                 0                 0                 0                 0                 0                 0                 0                 0                 0                
1655936314        0                 0                 0                 0                 0                 0                 0                 0                 0                 0                 0                
1655936324        0                 0                 0                 0                 0                 0                 0                 0                 0                 0                 0                
1655936334        0                 0                 0                 0                 0                 0                 0                 0                 0                 0                 0                
1655936345        0                 0                 0                 0                 0                 0                 0                 0                 0                 0                 0                
1655936355        0                 0                 0                 0                 0                 0                 0                 0                 0                 0                 0                
1655936365        0                 0                 0                 0                 0                 0                 0                 0                 0                 0                 0                
1655936375        0                 0                 0                 0                 0                 0                 0                 0                 0                 0                 0                
1655936385        0                 0                 0                 0                 0                 0                 0                 0                 0                 0                 0                
1655936395        0                 0                 0                 0                 0                 0                 0                 0                 0                 0                 0                
1655936406        0                 0                 0                 0                 0                 0                 0                 0                 0                 0                 0                
1655936416        0                 0                 0                 0                 0                 0                 0                 0                 0                 0                 0                
1655936426        0                 0                 0                 0                 0                 0                 0                 0                 0                 0                 0                
1655936436        0                 0                 0                 0                 0                 0                 0                 0                 0                 0                 0                
1655936446        0                 0                 0                 0                 0                 0                 0                 0                 0                 0                 0                
1655936456        0                 0                 0                 0                 0                 0                 0                 0                 0                 0                 0                
1655936466        0                 0                 0                 0                 0                 0                 0                 0                 0                 0                 0                
1655936477        0                 0                 0                 0                 0                 0                 0                 0                 0                 0                 0                
1655936487        0                 0                 0                 0                 0                 0                 0                 0                 0                 0                 0                
1655936497        0                 0                 0                 0                 0                 0                 0                 0                 0                 0                 0                
1655936510        0                 0                 0                 0                 0                 0                 0                 0                 0                 0                 0                
1655936520        0                 0                 0                 0                 0                 0                 0                 0                 0                 0                 0                
1655936530        0                 0                 0                 0                 0                 0                 0                 0                 0                 0                 0                
1655936541        0                 0                 0                 0                 0                 0                 0                 0                 0                 0                 0                
1655936551        0                 0                 0                 0                 0                 0                 0                 0                 0                 0                 0                
1655936561        0                 0                 0                 0                 0                 0                 0                 0                 0                 0                 0                
1655936571        0                 0                 0                 0                 0                 0                 0                 0                 0                 0                 0                
1655936581        0                 0                 0                 0                 0                 0                 0                 0                 0                 0                 0                
1655936591        0                 0                 0                 0                 0                 0                 0                 0                 0                 0                 0                
1655936601        0                 0                 0                 0                 0                 0                 0                 0                 0                 0                 0                
1655936612        0                 0                 0                 0                 0                 0                 0                 0                 0                 0                 0                
1655936622        0                 0                 0                 0                 0                 0                 0                 0                 0                 0                 0                
1655936632        0                 0                 0                 0                 0                 0                 0                 0                 0                 0                 0                
1655936642        0                 0                 0                 0                 0                 0                 0                 0                 0                 0                 0                
1655936652        0                 0                 0                 0                 0                 0                 0                 0                 0                 0                 0                
1655936662        0                 0                 0                 0                 0                 0                 0                 0                 0                 0                 0                
1655936673        0                 0                 0                 0                 0                 0                 0                 0                 0                 0                 0                
1655936683        0                 0                 0                 0                 0                 0                 0                 0                 0                 0                 0                
1655936694        0                 0                 0                 0                 0                 0                 0                 0                 0                 0                 0                
1655936704        0                 0                 0                 0                 0                 0                 0                 0                 0                 0                 0                
1655936714        0                 0                 0                 0                 0                 0                 0                 0                 0                 0                 0                
1655936724        0                 0                 0                 0                 0                 0                 0                 0                 0                 0                 0                
1655936734        0                 0                 0                 0                 0                 0                 0                 0                 0                 0                 0                
1655936744        0                 0                 0                 0                 0                 0                 0                 0                 0                 0                 0                
1655936755        0                 0                 0                 0                 0                 0                 0                 0                 0                 0                 0                
1655936765        0                 0                 0                 0                 0                 0                 0                 0                 0                 0                 0                
1655936775        0                 0                 0                 0                 0                 0                 0                 0                 0                 0                 0                
1655936785        0                 0                 0                 0                 0                 0                 0                 0                 0                 0                 0                
1655936795        0                 0                 0                 0                 0                 0                 0                 0                 0                 0                 0                
1655936805        0                 0                 0                 0                 0                 0                 0                 0                 0                 0                 0                
1655936815        0                 0                 0                 0                 0                 0                 0                 0                 0                 0                 0                
1655936826        0                 0                 0                 0                 0                 0                 0                 0                 0                 0                 0                
1655936836        0                 0                 0                 0                 0                 0                 0                 0                 0                 0                 0                
1655936846        0                 0                 0                 0                 0                 0                 0                 0                 0                 0                 0                
1655936856        0                 0                 0                 0                 0                 0                 0                 0                 0                 0                 0                
1655936866        0                 0                 0                 0                 0                 0                 0                 0                 0                 0                 0                
1655936876        0                 0                 0                 0                 0                 0                 0                 0                 0                 0                 0                
1655936887        0                 0                 0                 0                 0                 0                 0                 0                 0                 0                 0                
1655936897        0                 0                 0                 0                 0                 0                 0                 0                 0                 0                 0                
1655936907        0                 0                 0                 0                 0                 0                 0                 0                 0                 0                 0                
1655936917        0                 0                 0                 0                 0                 0                 0                 0                 0                 0                 0                
1655936927        0                 0                 0                 0                 0                 0                 0                 0                 0                 0                 0                
1655936937        0                 0                 0                 0                 0                 0                 0                 0                 0                 0                 0                
1655936947        0                 0                 0                 0                 0                 0                 0                 0                 0                 0                 0                
1655936958        0                 0                 0                 0                 0                 0                 0                 0                 0                 0                 0                
1655936968        0                 0                 0                 0                 0                 0                 0                 0                 0                 0                 0                
1655936978        0                 0                 0                 0                 0                 0                 0                 0                 0                 0                 0                
1655936988        0                 0                 0                 0                 0                 0                 0                 0                 0                 0                 0                
1655936999        0                 0                 0                 0                 0                 0                 0                 0                 0                 0                 0                
1655937009        0                 0                 0                 0                 0                 0                 0                 0                 0                 0                 0                
1655937019        0                 0                 0                 0                 0                 0                 0                 0                 0                 0                 0                
1655937029        0                 0                 0                 0                 0                 0                 0                 0                 0                 0                 0                
1655937039        0                 0                 0                 0                 0                 0                 0                 0                 0                 0                 0                
1655937049        0                 0                 0                 0                 0                 0                 0                 0                 0                 0                 0                
1655937060        0                 0                 0                 0                 0                 0                 0                 0                 0                 0                 0                
