#TIME             VMEM_MAX          VMEM              RMEM_MAX          RMEM              SHMEM             MEM_FREE          TMEM_MAX         
1655935342        0.109547          0.109547          0.003010          0.003010          0.000000          182.040000        0.003010         
1655935352        1.685620          1.685620          0.047726          0.047726          0.000000          181.983000        0.047726         
1655935362        5.408050          5.408050          0.296261          0.296261          0.000000          179.863000        0.296261         
1655935372        5.448550          5.448550          0.337555          0.337555          0.000000          179.778000        0.337555         
1655935382        5.714920          5.714920          0.576248          0.576248          0.000000          179.493000        0.576248         
1655935392        5.714920          5.714920          0.576260          0.576260          0.000000          179.492000        0.576260         
1655935402        5.714920          2.262620          0.576260          0.104141          0.000000          179.928000        0.576260         
1655935413        5.714920          2.282880          0.576260          0.124527          0.000000          179.905000        0.576260         
1655935423        5.714920          2.387490          0.576260          0.228909          0.000000          179.800000        0.576260         
1655935433        5.714920          2.372650          0.576260          0.205128          0.000000          179.801000        0.576260         
1655935443        5.714920          2.517370          0.576260          0.279537          0.000000          179.743000        0.576260         
1655935457        5.714920          2.540640          0.576260          0.302860          0.000000          179.718000        0.576260         
1655935468        5.714920          2.889550          0.576260          0.467770          0.000000          179.564000        0.576260         
1655935478        5.714920          2.888740          0.576260          0.466827          0.000000          179.565000        0.576260         
1655935488        5.714920          2.956520          0.576260          0.525593          0.000000          179.501000        0.576260         
1655935498        5.714920          2.991030          0.576260          0.546577          0.000000          179.258000        0.576260         
1655935508        5.714920          2.984360          0.576260          0.536316          0.000000          179.268000        0.576260         
1655935519        5.714920          3.159690          0.616287          0.616287          0.000000          178.866000        0.616287         
1655935529        5.714920          3.235820          0.701435          0.701435          0.000000          178.328000        0.701435         
1655935539        5.714920          2.514130          0.701435          0.290394          0.000000          178.699000        0.701435         
1655935549        5.714920          2.642680          0.701435          0.363487          0.000000          178.637000        0.701435         
1655935559        5.714920          2.711570          0.701435          0.432331          0.000000          178.570000        0.701435         
1655935569        5.714920          2.926090          0.701435          0.530819          0.000000          178.484000        0.701435         
1655935580        5.714920          2.983500          0.701435          0.588188          0.000000          178.429000        0.701435         
1655935590        5.714920          3.015420          0.701435          0.597313          0.000000          178.427000        0.701435         
1655935600        5.714920          3.128850          0.701435          0.687229          0.000000          178.344000        0.701435         
1655935610        5.714920          2.553360          0.701435          0.332787          0.000000          178.661000        0.701435         
1655935620        5.714920          2.617820          0.701435          0.333080          0.000000          178.656000        0.701435         
1655935630        5.714920          2.617820          0.701435          0.333229          0.000000          178.655000        0.701435         
1655935640        5.714920          4.529850          1.339230          1.339230          0.000000          177.779000        1.339230         
1655935651        5.714920          5.594280          2.403220          2.403220          0.000000          176.695000        2.403220         
1655935661        5.821070          5.821070          2.633550          2.633550          0.000000          176.460000        2.633550         
1655935671        5.821070          5.821070          2.633550          2.633550          0.000000          176.459000        2.633550         
1655935681        5.821560          5.821560          2.633910          2.633910          0.000000          176.456000        2.633910         
1655935691        5.822780          5.822780          2.636170          2.636170          0.000000          176.448000        2.636170         
1655935702        5.823510          5.823510          2.636890          2.636890          0.000000          176.447000        2.636890         
1655935712        5.826080          5.826080          2.639270          2.639270          0.000000          176.437000        2.639270         
1655935722        5.826080          5.826080          2.639270          2.639270          0.000000          176.439000        2.639270         
1655935736        5.826570          5.826570          2.639780          2.639780          0.000000          176.436000        2.639780         
1655935746        5.826570          5.826570          2.639780          2.639780          0.000000          176.435000        2.639780         
1655935756        5.826570          5.826570          2.639780          2.639780          0.000000          176.433000        2.639780         
1655935766        5.826570          5.826570          2.639780          2.639780          0.000000          176.431000        2.639780         
1655935776        5.968530          5.968530          2.657510          2.657510          0.000000          176.338000        2.657510         
1655935787        5.968530          5.968530          2.657510          2.657510          0.000000          176.338000        2.657510         
1655935797        5.968530          5.968530          2.657510          2.657510          0.000000          176.334000        2.657510         
1655935807        6.015770          6.015770          2.704720          2.704720          0.000000          176.218000        2.704720         
1655935817        6.015770          5.974110          2.704720          2.662690          0.000000          176.246000        2.704720         
1655935827        6.015770          5.974110          2.704720          2.662690          0.000000          176.245000        2.704720         
1655935837        6.015770          5.974110          2.704720          2.662700          0.000000          176.246000        2.704720         
1655935848        6.015770          5.975090          2.704720          2.664150          0.000000          176.236000        2.704720         
1655935858        6.015770          5.974850          2.704720          2.663910          0.000000          176.137000        2.704720         
1655935868        6.015770          5.974850          2.704720          2.663910          0.000000          176.130000        2.704720         
1655935878        6.015770          5.974850          2.704720          2.663910          0.000000          176.094000        2.704720         
1655935888        6.015770          5.991780          2.704720          2.669820          0.000000          176.049000        2.704720         
1655935898        6.015770          5.991780          2.704720          2.669820          0.000000          176.049000        2.704720         
1655935909        6.015770          5.991780          2.704720          2.669960          0.000000          176.047000        2.704720         
1655935919        6.032120          6.032120          2.710180          2.710180          0.000000          175.954000        2.710180         
1655935929        6.032120          5.992520          2.710180          2.670680          0.000000          175.969000        2.710180         
1655935939        6.032120          5.992520          2.710180          2.670680          0.000000          175.968000        2.710180         
1655935949        6.032120          5.992520          2.710180          2.670680          0.000000          175.966000        2.710180         
1655935959        6.032120          5.993000          2.710180          2.671190          0.000000          175.883000        2.710180         
1655935970        6.032120          5.993000          2.710180          2.671190          0.000000          175.885000        2.710180         
1655935980        6.032120          5.993000          2.710180          2.671200          0.000000          175.881000        2.710180         
1655935990        6.032120          5.993000          2.710180          2.671200          0.000000          175.878000        2.710180         
1655936000        6.032120          5.993980          2.710180          2.672170          0.000000          175.771000        2.710180         
1655936010        6.032120          5.993980          2.710180          2.672170          0.000000          175.770000        2.710180         
1655936020        6.032120          5.976710          2.710180          2.661720          0.000000          175.737000        2.710180         
1655936031        6.032120          5.994100          2.710180          2.668350          0.000000          175.703000        2.710180         
1655936041        6.032120          5.978890          2.710180          2.643650          0.000000          175.720000        2.710180         
1655936051        6.032120          5.978890          2.710180          2.644040          0.000000          175.710000        2.710180         
1655936061        6.032120          5.978890          2.710180          2.644040          0.000000          175.708000        2.710180         
1655936071        6.032120          5.978890          2.710180          2.644040          0.000000          175.710000        2.710180         
1655936082        6.032120          5.978890          2.710180          2.644040          0.000000          175.706000        2.710180         
1655936092        6.032120          5.978890          2.710180          2.644040          0.000000          175.706000        2.710180         
1655936102        6.032120          5.978890          2.710180          2.644040          0.000000          175.705000        2.710180         
1655936112        6.032120          5.959370          2.710180          2.618540          0.000000          175.659000        2.710180         
1655936122        6.059650          6.059650          2.710180          2.641080          0.000000          175.526000        2.710180         
1655936133        7.082060          7.082060          3.053510          3.053510          0.000000          173.712000        3.053510         
1655936143        7.885460          7.885460          3.796330          3.796330          0.000000          172.928000        3.796330         
1655936153        7.885460          7.884490          3.826770          3.826770          0.000000          172.901000        3.826770         
1655936163        7.885460          7.884490          3.841590          3.841590          0.000000          172.884000        3.841590         
1655936173        7.885460          7.884490          3.841620          3.841620          0.000000          172.886000        3.841620         
1655936183        7.885460          7.884490          3.856320          3.856320          0.000000          172.871000        3.856320         
1655936194        7.885460          7.884490          3.856320          3.856320          0.000000          172.870000        3.856320         
1655936204        7.885460          7.884490          3.856400          3.856400          0.000000          172.869000        3.856400         
1655936214        8.075400          8.075400          4.017530          4.017530          0.000000          172.710000        4.017530         
1655936224        8.076560          8.076560          4.018640          4.018640          0.000000          172.707000        4.018640         
1655936234        8.077180          8.077180          4.019320          4.019320          0.000000          172.708000        4.019320         
1655936245        8.078030          8.078030          4.020240          4.020240          0.000000          172.704000        4.020240         
1655936255        8.081250          8.081250          4.023450          4.023450          0.000000          172.702000        4.023450         
1655936265        8.148170          8.148170          4.090370          4.090370          0.000000          172.654000        4.090370         
1655936275        8.148170          8.148170          4.090370          4.090370          0.000000          172.654000        4.090370         
1655936285        8.148170          8.148170          4.090370          4.090370          0.000000          172.654000        4.090370         
1655936295        8.148170          8.148170          4.090370          4.090370          0.000000          172.653000        4.090370         
1655936306        8.148170          8.148170          4.090370          4.090370          0.000000          172.659000        4.090370         
1655936316        8.148170          8.148170          4.090380          4.090380          0.000000          172.659000        4.090380         
1655936326        8.148170          8.148170          4.090380          4.090380          0.000000          172.660000        4.090380         
1655936336        8.148170          8.148170          4.090380          4.090380          0.000000          172.659000        4.090380         
1655936346        8.148170          8.148170          4.090380          4.090380          0.000000          172.659000        4.090380         
1655936357        8.148170          8.148170          4.090380          4.090380          0.000000          172.660000        4.090380         
1655936367        8.148250          8.148250          4.090540          4.090540          0.000000          172.659000        4.090540         
1655936377        8.148250          8.148250          4.090540          4.090540          0.000000          172.660000        4.090540         
1655936387        8.148250          8.148250          4.090540          4.090540          0.000000          172.659000        4.090540         
1655936397        8.148360          8.148360          4.090670          4.090670          0.000000          172.660000        4.090670         
1655936408        8.148360          8.148360          4.090670          4.090670          0.000000          172.661000        4.090670         
1655936418        8.205400          8.205400          4.147700          4.147700          0.000000          172.604000        4.147700         
1655936428        8.205400          8.205400          4.147710          4.147710          0.000000          172.603000        4.147710         
1655936439        8.205400          8.205400          4.147710          4.147710          0.000000          172.602000        4.147710         
1655936449        8.205400          8.205400          4.147710          4.147710          0.000000          172.604000        4.147710         
1655936459        8.205400          8.205400          4.147710          4.147710          0.000000          172.604000        4.147710         
1655936469        8.205400          8.205400          4.147710          4.147710          0.000000          172.602000        4.147710         
1655936479        8.205400          8.205400          4.147710          4.147710          0.000000          172.601000        4.147710         
1655936490        8.205400          8.205400          4.149010          4.149010          0.000000          172.601000        4.149010         
1655936500        8.205400          8.205400          4.149010          4.149010          0.000000          172.601000        4.149010         
1655936510        8.205440          8.205440          4.149040          4.149040          0.000000          172.602000        4.149040         
1655936520        8.267390          8.267390          4.210840          4.210840          0.000000          172.538000        4.210840         
1655936530        8.361150          8.361150          4.304670          4.304670          0.000000          172.444000        4.304670         
1655936540        8.361150          8.361150          4.304680          4.304680          0.000000          172.445000        4.304680         
1655936551        8.361150          8.361150          4.304680          4.304680          0.000000          172.448000        4.304680         
1655936561        8.361150          8.361150          4.304680          4.304680          0.000000          172.450000        4.304680         
1655936571        8.361150          8.361150          4.304680          4.304680          0.000000          172.449000        4.304680         
1655936581        8.361150          8.361150          4.304680          4.304680          0.000000          172.447000        4.304680         
1655936591        8.361150          8.361150          4.304680          4.304680          0.000000          172.448000        4.304680         
1655936601        8.361150          8.361150          4.304690          4.304690          0.000000          172.453000        4.304690         
1655936612        8.361150          8.361150          4.304690          4.304690          0.000000          172.458000        4.304690         
1655936622        8.361150          8.361150          4.304690          4.304690          0.000000          172.459000        4.304690         
1655936632        8.361150          8.361150          4.304690          4.304690          0.000000          172.458000        4.304690         
1655936642        8.361150          8.361150          4.304690          4.304690          0.000000          172.458000        4.304690         
1655936652        8.361150          8.361150          4.304690          4.304690          0.000000          172.457000        4.304690         
1655936662        8.361150          8.361150          4.304700          4.304700          0.000000          172.459000        4.304700         
1655936673        8.361150          8.361150          4.304700          4.304700          0.000000          172.462000        4.304700         
1655936683        8.361150          8.361150          4.304700          4.304700          0.000000          172.462000        4.304700         
1655936693        8.361150          8.361150          4.304700          4.304700          0.000000          172.496000        4.304700         
1655936703        8.361150          8.361150          4.304700          4.304700          0.000000          172.501000        4.304700         
1655936713        8.361150          8.361150          4.304710          4.304710          0.000000          172.502000        4.304710         
1655936724        8.361150          8.361150          4.304710          4.304710          0.000000          172.538000        4.304710         
1655936734        8.361150          8.361150          4.304710          4.304710          0.000000          172.536000        4.304710         
1655936744        8.361150          8.361150          4.304740          4.304740          0.000000          172.611000        4.304740         
1655936754        8.361150          8.361150          4.304740          4.304740          0.000000          172.611000        4.304740         
1655936764        8.361150          8.361150          4.304750          4.304750          0.000000          172.666000        4.304750         
1655936774        8.361150          8.361150          4.304750          4.304750          0.000000          172.728000        4.304750         
1655936785        8.361150          8.361150          4.304750          4.304750          0.000000          172.758000        4.304750         
1655936795        8.361150          8.361150          4.304750          4.304750          0.000000          172.777000        4.304750         
1655936805        8.361150          8.361150          4.304750          4.304750          0.000000          172.778000        4.304750         
1655936815        8.361150          8.361150          4.304750          4.304750          0.000000          172.781000        4.304750         
1655936825        8.361150          8.361150          4.304750          4.304750          0.000000          172.831000        4.304750         
1655936836        8.361150          8.361150          4.304750          4.304750          0.000000          172.832000        4.304750         
1655936846        8.361150          8.361150          4.304760          4.304760          0.000000          172.833000        4.304760         
1655936856        8.361150          8.361150          4.304760          4.304760          0.000000          172.872000        4.304760         
1655936866        8.361150          8.361150          4.304760          4.304760          0.000000          172.871000        4.304760         
1655936876        8.361150          8.361150          4.304760          4.304760          0.000000          172.872000        4.304760         
1655936886        8.361150          8.361150          4.304760          4.304760          0.000000          172.909000        4.304760         
1655936897        8.361150          8.361150          4.304760          4.304760          0.000000          172.953000        4.304760         
1655936907        8.361150          8.361150          4.304760          4.304760          0.000000          173.004000        4.304760         
1655936917        8.361150          8.361150          4.304760          4.304760          0.000000          173.024000        4.304760         
1655936927        8.361150          8.361150          4.304800          4.304800          0.000000          173.024000        4.304800         
1655936937        8.361150          8.361150          4.319600          4.319600          0.000000          173.031000        4.319600         
1655936947        8.361150          8.361150          4.319600          4.319600          0.000000          173.110000        4.319600         
1655936958        8.361150          8.361150          4.319600          4.319600          0.000000          173.149000        4.319600         
1655936968        8.361150          8.361150          4.319600          4.319600          0.000000          173.149000        4.319600         
1655936978        8.361150          8.361150          4.333810          4.333810          0.000000          173.135000        4.333810         
1655936988        8.361150          8.361150          4.333840          4.333840          0.000000          173.135000        4.333840         
1655936999        8.361150          8.361150          4.333840          4.333840          0.000000          176.866000        4.333840         
1655937009        8.361150          8.361150          4.333840          4.333840          0.000000          176.867000        4.333840         
1655937019        8.361150          8.361150          4.333850          4.333850          0.000000          176.868000        4.333850         
1655937029        8.361150          8.361150          4.333850          4.333850          0.000000          176.867000        4.333850         
1655937039        8.361150          8.361150          4.333850          4.333850          0.000000          176.868000        4.333850         
1655937049        8.361150          8.361150          4.333850          4.333850          0.000000          176.869000        4.333850         
1655937060        8.392410          8.392410          4.365650          4.365650          0.000000          176.838000        4.365650         
