#TIME             VMEM_MAX          VMEM              RMEM_MAX          RMEM              SHMEM             MEM_FREE          TMEM_MAX         
1655935344        0.109547          0.109547          0.003010          0.003010          0.000000          181.439000        0.003010         
1655935354        1.685620          1.685620          0.047730          0.047730          0.000000          181.383000        0.047730         
1655935364        4.192510          4.192510          0.197578          0.197578          0.000000          179.374000        0.197578         
1655935374        5.448510          5.448510          0.338730          0.338730          0.000000          179.228000        0.338730         
1655935385        5.589940          5.589940          0.479694          0.479694          0.000000          179.067000        0.479694         
1655935395        5.711850          5.711850          0.574520          0.574520          0.000000          178.952000        0.574520         
1655935405        5.711850          5.711850          0.578091          0.578091          0.000000          178.945000        0.578091         
1655935415        5.711850          0.109547          0.578091          0.003071          0.000000          179.545000        0.578091         
1655935426        5.711850          0.109547          0.578091          0.003071          0.000000          179.544000        0.578091         
1655935436        5.711850          0.109547          0.578091          0.003071          0.000000          179.545000        0.578091         
1655935446        5.711850          0.109547          0.578091          0.003071          0.000000          179.547000        0.578091         
1655935456        5.711850          0.109547          0.578091          0.003071          0.000000          179.544000        0.578091         
1655935467        5.711850          0.109547          0.578091          0.003071          0.000000          179.544000        0.578091         
1655935477        5.711850          0.109547          0.578091          0.003071          0.000000          179.545000        0.578091         
1655935487        5.711850          0.109547          0.578091          0.003071          0.000000          179.545000        0.578091         
1655935497        5.711850          0.109547          0.578091          0.003071          0.000000          179.547000        0.578091         
1655935507        5.711850          0.109547          0.578091          0.003071          0.000000          179.546000        0.578091         
1655935518        5.711850          0.109547          0.578091          0.003071          0.000000          179.547000        0.578091         
1655935528        5.711850          0.109547          0.578091          0.003071          0.000000          179.548000        0.578091         
1655935538        5.711850          0.109547          0.578091          0.003071          0.000000          179.546000        0.578091         
1655935548        5.711850          0.109547          0.578091          0.003071          0.000000          179.545000        0.578091         
1655935558        5.711850          0.109547          0.578091          0.003071          0.000000          179.547000        0.578091         
1655935568        5.711850          0.109547          0.578091          0.003071          0.000000          179.548000        0.578091         
1655935578        5.711850          0.109547          0.578091          0.003071          0.000000          179.546000        0.578091         
1655935589        5.711850          0.109547          0.578091          0.003071          0.000000          179.546000        0.578091         
1655935599        5.711850          0.109547          0.578091          0.003071          0.000000          179.545000        0.578091         
1655935609        5.711850          0.109547          0.578091          0.003071          0.000000          179.546000        0.578091         
1655935619        5.711850          0.109547          0.578091          0.003071          0.000000          179.549000        0.578091         
1655935629        5.711850          0.109547          0.578091          0.003071          0.000000          179.550000        0.578091         
1655935639        5.711850          0.109547          0.578091          0.003071          0.000000          179.550000        0.578091         
1655935649        5.711850          0.109547          0.578091          0.003071          0.000000          179.551000        0.578091         
1655935660        5.711850          0.109547          0.578091          0.003071          0.000000          179.549000        0.578091         
1655935670        5.711850          0.109547          0.578091          0.003071          0.000000          179.550000        0.578091         
1655935680        5.711850          0.109547          0.578091          0.003071          0.000000          179.549000        0.578091         
1655935690        5.711850          0.109547          0.578091          0.003071          0.000000          179.551000        0.578091         
1655935700        5.711850          0.109547          0.578091          0.003071          0.000000          179.552000        0.578091         
1655935710        5.711850          0.109547          0.578091          0.003075          0.000000          179.552000        0.578091         
1655935720        5.711850          0.109547          0.578091          0.003075          0.000000          179.552000        0.578091         
1655935730        5.711850          0.109547          0.578091          0.003075          0.000000          179.551000        0.578091         
1655935741        5.711850          0.109547          0.578091          0.003075          0.000000          179.549000        0.578091         
1655935751        5.711850          0.109547          0.578091          0.003075          0.000000          179.551000        0.578091         
1655935761        5.711850          0.109547          0.578091          0.003075          0.000000          179.550000        0.578091         
1655935771        5.711850          0.109547          0.578091          0.003075          0.000000          179.551000        0.578091         
1655935782        5.711850          0.109547          0.578091          0.003075          0.000000          179.551000        0.578091         
1655935792        5.711850          0.109547          0.578091          0.003075          0.000000          179.550000        0.578091         
1655935802        5.711850          0.109547          0.578091          0.003075          0.000000          179.551000        0.578091         
1655935812        5.711850          0.109547          0.578091          0.003075          0.000000          179.552000        0.578091         
1655935822        5.711850          0.109547          0.578091          0.003075          0.000000          179.552000        0.578091         
1655935832        5.711850          0.109547          0.578091          0.003075          0.000000          179.552000        0.578091         
1655935842        5.711850          0.109547          0.578091          0.003075          0.000000          179.553000        0.578091         
1655935853        5.711850          0.109547          0.578091          0.003075          0.000000          179.552000        0.578091         
1655935863        5.711850          0.109547          0.578091          0.003075          0.000000          179.554000        0.578091         
1655935873        5.711850          0.109547          0.578091          0.003075          0.000000          179.553000        0.578091         
1655935883        5.711850          0.109547          0.578091          0.003075          0.000000          179.553000        0.578091         
1655935893        5.711850          0.109547          0.578091          0.003075          0.000000          179.552000        0.578091         
1655935903        5.711850          0.109547          0.578091          0.003075          0.000000          179.553000        0.578091         
1655935913        5.711850          0.109547          0.578091          0.003075          0.000000          179.553000        0.578091         
1655935924        5.711850          0.109547          0.578091          0.003075          0.000000          179.551000        0.578091         
1655935934        5.711850          0.109547          0.578091          0.003075          0.000000          179.551000        0.578091         
1655935944        5.711850          0.109547          0.578091          0.003078          0.000000          179.551000        0.578091         
1655935954        5.711850          0.109547          0.578091          0.003078          0.000000          179.553000        0.578091         
1655935964        5.711850          0.109547          0.578091          0.003078          0.000000          179.554000        0.578091         
1655935974        5.711850          0.109547          0.578091          0.003078          0.000000          179.553000        0.578091         
1655935984        5.711850          0.109547          0.578091          0.003078          0.000000          179.553000        0.578091         
1655935995        5.711850          0.109547          0.578091          0.003078          0.000000          179.554000        0.578091         
1655936005        5.711850          0.109547          0.578091          0.003078          0.000000          179.552000        0.578091         
1655936015        5.711850          0.109547          0.578091          0.003078          0.000000          179.553000        0.578091         
1655936025        5.711850          0.109547          0.578091          0.003078          0.000000          179.553000        0.578091         
1655936035        5.711850          0.109547          0.578091          0.003078          0.000000          179.552000        0.578091         
1655936045        5.711850          0.109547          0.578091          0.003078          0.000000          179.553000        0.578091         
1655936055        5.711850          0.109547          0.578091          0.003078          0.000000          179.553000        0.578091         
1655936065        5.711850          0.109547          0.578091          0.003078          0.000000          179.554000        0.578091         
1655936076        5.711850          0.109547          0.578091          0.003078          0.000000          179.554000        0.578091         
1655936087        5.711850          0.109547          0.578091          0.003078          0.000000          179.552000        0.578091         
1655936097        5.711850          0.109547          0.578091          0.003078          0.000000          179.553000        0.578091         
1655936107        5.711850          0.109547          0.578091          0.003078          0.000000          179.556000        0.578091         
1655936117        5.711850          0.109547          0.578091          0.003078          0.000000          179.555000        0.578091         
1655936127        5.711850          0.109547          0.578091          0.003078          0.000000          179.555000        0.578091         
1655936137        5.711850          0.109547          0.578091          0.003078          0.000000          179.556000        0.578091         
1655936147        5.711850          0.109547          0.578091          0.003078          0.000000          179.556000        0.578091         
1655936158        5.711850          0.109547          0.578091          0.003078          0.000000          179.555000        0.578091         
1655936168        5.711850          0.109547          0.578091          0.003078          0.000000          179.555000        0.578091         
1655936178        5.711850          0.109547          0.578091          0.003078          0.000000          179.555000        0.578091         
1655936188        5.711850          0.109547          0.578091          0.003078          0.000000          179.554000        0.578091         
1655936198        5.711850          0.109547          0.578091          0.003078          0.000000          179.555000        0.578091         
1655936208        5.711850          0.109547          0.578091          0.003078          0.000000          179.555000        0.578091         
1655936218        5.711850          0.109547          0.578091          0.003078          0.000000          179.558000        0.578091         
1655936229        5.711850          0.109547          0.578091          0.003078          0.000000          179.557000        0.578091         
1655936239        5.711850          0.109547          0.578091          0.003078          0.000000          179.553000        0.578091         
1655936249        5.711850          0.109547          0.578091          0.003082          0.000000          179.577000        0.578091         
1655936259        5.711850          0.109547          0.578091          0.003082          0.000000          179.576000        0.578091         
1655936269        5.711850          0.109547          0.578091          0.003082          0.000000          179.577000        0.578091         
1655936279        5.711850          0.109547          0.578091          0.003082          0.000000          179.578000        0.578091         
1655936289        5.711850          0.109547          0.578091          0.003082          0.000000          179.578000        0.578091         
1655936300        5.711850          0.109547          0.578091          0.003082          0.000000          179.578000        0.578091         
1655936310        5.711850          0.109547          0.578091          0.003082          0.000000          181.319000        0.578091         
1655936323        5.711850          0.109547          0.578091          0.003082          0.000000          181.321000        0.578091         
1655936333        5.711850          0.109547          0.578091          0.003082          0.000000          181.320000        0.578091         
1655936343        5.711850          0.109547          0.578091          0.003082          0.000000          181.320000        0.578091         
1655936353        5.711850          0.109547          0.578091          0.003082          0.000000          181.319000        0.578091         
1655936364        5.711850          0.109547          0.578091          0.003082          0.000000          181.320000        0.578091         
1655936374        5.711850          0.109547          0.578091          0.003082          0.000000          181.319000        0.578091         
1655936384        5.711850          0.109547          0.578091          0.003082          0.000000          181.320000        0.578091         
1655936394        5.711850          0.109547          0.578091          0.003082          0.000000          181.320000        0.578091         
1655936404        5.711850          0.109547          0.578091          0.003082          0.000000          181.321000        0.578091         
1655936414        5.711850          0.109547          0.578091          0.003082          0.000000          181.320000        0.578091         
1655936424        5.711850          0.109547          0.578091          0.003082          0.000000          181.322000        0.578091         
1655936435        5.711850          0.109547          0.578091          0.003082          0.000000          181.321000        0.578091         
1655936445        5.711850          0.109547          0.578091          0.003082          0.000000          181.320000        0.578091         
1655936455        5.711850          0.109547          0.578091          0.003082          0.000000          181.320000        0.578091         
1655936465        5.711850          0.109547          0.578091          0.003082          0.000000          181.320000        0.578091         
1655936475        5.711850          0.109547          0.578091          0.003082          0.000000          181.320000        0.578091         
1655936485        5.711850          0.109547          0.578091          0.003082          0.000000          181.319000        0.578091         
1655936495        5.711850          0.109547          0.578091          0.003086          0.000000          181.321000        0.578091         
1655936506        5.711850          0.109547          0.578091          0.003086          0.000000          181.320000        0.578091         
1655936516        5.711850          0.109547          0.578091          0.003086          0.000000          181.320000        0.578091         
1655936526        5.711850          0.109547          0.578091          0.003086          0.000000          181.319000        0.578091         
1655936536        5.711850          0.109547          0.578091          0.003086          0.000000          181.321000        0.578091         
1655936546        5.711850          0.109547          0.578091          0.003086          0.000000          181.320000        0.578091         
1655936556        5.711850          0.109547          0.578091          0.003086          0.000000          181.320000        0.578091         
1655936566        5.711850          0.109547          0.578091          0.003086          0.000000          181.321000        0.578091         
1655936577        5.711850          0.109547          0.578091          0.003086          0.000000          181.320000        0.578091         
1655936587        5.711850          0.109547          0.578091          0.003086          0.000000          181.320000        0.578091         
1655936597        5.711850          0.109547          0.578091          0.003086          0.000000          181.321000        0.578091         
1655936607        5.711850          0.109547          0.578091          0.003086          0.000000          181.321000        0.578091         
1655936617        5.711850          0.109547          0.578091          0.003086          0.000000          181.321000        0.578091         
1655936627        5.711850          0.109547          0.578091          0.003086          0.000000          181.321000        0.578091         
1655936637        5.711850          0.109547          0.578091          0.003086          0.000000          181.320000        0.578091         
1655936648        5.711850          0.109547          0.578091          0.003086          0.000000          181.319000        0.578091         
1655936658        5.711850          0.109547          0.578091          0.003086          0.000000          181.321000        0.578091         
1655936668        5.711850          0.109547          0.578091          0.003086          0.000000          181.321000        0.578091         
1655936678        5.711850          0.109547          0.578091          0.003086          0.000000          181.321000        0.578091         
1655936688        5.711850          0.109547          0.578091          0.003086          0.000000          181.321000        0.578091         
1655936698        5.711850          0.109547          0.578091          0.003086          0.000000          181.321000        0.578091         
1655936708        5.711850          0.109547          0.578091          0.003086          0.000000          181.319000        0.578091         
1655936718        5.711850          0.109547          0.578091          0.003086          0.000000          181.320000        0.578091         
1655936729        5.711850          0.109547          0.578091          0.003086          0.000000          181.320000        0.578091         
1655936739        5.711850          0.109547          0.578091          0.003090          0.000000          181.320000        0.578091         
1655936749        5.711850          0.109547          0.578091          0.003090          0.000000          181.319000        0.578091         
1655936759        5.711850          0.109547          0.578091          0.003090          0.000000          181.321000        0.578091         
1655936769        5.711850          0.109547          0.578091          0.003090          0.000000          181.320000        0.578091         
1655936779        5.711850          0.109547          0.578091          0.003090          0.000000          181.320000        0.578091         
1655936789        5.711850          0.109547          0.578091          0.003090          0.000000          181.320000        0.578091         
1655936800        5.711850          0.109547          0.578091          0.003090          0.000000          181.319000        0.578091         
1655936810        5.711850          0.109547          0.578091          0.003090          0.000000          181.320000        0.578091         
1655936820        5.711850          0.109547          0.578091          0.003090          0.000000          181.320000        0.578091         
1655936830        5.711850          0.109547          0.578091          0.003090          0.000000          181.319000        0.578091         
1655936840        5.711850          0.109547          0.578091          0.003090          0.000000          181.321000        0.578091         
1655936850        5.711850          0.109547          0.578091          0.003090          0.000000          181.320000        0.578091         
1655936861        5.711850          0.109547          0.578091          0.003090          0.000000          181.320000        0.578091         
1655936871        5.711850          0.109547          0.578091          0.003090          0.000000          181.321000        0.578091         
1655936881        5.711850          0.109547          0.578091          0.003090          0.000000          181.320000        0.578091         
1655936891        5.711850          0.109547          0.578091          0.003090          0.000000          181.321000        0.578091         
1655936901        5.711850          0.109547          0.578091          0.003090          0.000000          181.320000        0.578091         
1655936911        5.711850          0.109547          0.578091          0.003090          0.000000          181.320000        0.578091         
1655936922        5.711850          0.109547          0.578091          0.003090          0.000000          181.321000        0.578091         
1655936932        5.711850          0.109547          0.578091          0.003090          0.000000          181.320000        0.578091         
1655936942        5.711850          0.109547          0.578091          0.003090          0.000000          181.321000        0.578091         
1655936952        5.711850          0.109547          0.578091          0.003090          0.000000          181.321000        0.578091         
1655936962        5.711850          0.109547          0.578091          0.003090          0.000000          181.320000        0.578091         
1655936972        5.711850          0.109547          0.578091          0.003090          0.000000          181.321000        0.578091         
1655936982        5.711850          0.109547          0.578091          0.003094          0.000000          181.320000        0.578091         
1655936993        5.711850          0.109547          0.578091          0.003094          0.000000          181.321000        0.578091         
1655937003        5.711850          0.109547          0.578091          0.003094          0.000000          181.321000        0.578091         
1655937013        5.711850          0.109547          0.578091          0.003094          0.000000          181.321000        0.578091         
1655937023        5.711850          0.109547          0.578091          0.003094          0.000000          181.321000        0.578091         
1655937033        5.711850          0.109547          0.578091          0.003094          0.000000          181.321000        0.578091         
1655937043        5.711850          0.109547          0.578091          0.003094          0.000000          181.320000        0.578091         
1655937053        5.711850          0.109547          0.578091          0.003094          0.000000          181.321000        0.578091         
1655937064        5.711850          0.109547          0.578091          0.003094          0.000000          181.321000        0.578091         
