#TIME             VMEM_MAX          VMEM              RMEM_MAX          RMEM              SHMEM             MEM_FREE          TMEM_MAX         
1655935345        0.628647          0.628647          0.021370          0.021370          0.000000          182.124000        0.021370         
1655935355        4.134580          4.134580          0.203445          0.203445          0.000000          179.994000        0.203445         
1655935366        5.419850          5.419850          0.311317          0.311317          0.000000          179.852000        0.311317         
1655935376        5.554310          5.554310          0.446209          0.446209          0.000000          179.674000        0.446209         
1655935386        5.695050          5.695050          0.568485          0.568485          0.000000          179.532000        0.568485         
1655935396        5.712090          5.712090          0.579029          0.579029          0.000000          179.517000        0.579029         
1655935406        5.712090          5.470730          0.579029          0.419823          0.000000          179.663000        0.579029         
1655935416        5.712090          3.771720          0.579029          0.261032          0.000000          179.786000        0.579029         
1655935427        5.712090          3.912620          0.579029          0.388424          0.000000          179.666000        0.579029         
1655935437        5.712090          3.912620          0.579029          0.390800          0.000000          179.666000        0.579029         
1655935447        5.712090          0.109547          0.579029          0.003071          0.000000          180.108000        0.579029         
1655935457        5.712090          0.109547          0.579029          0.003071          0.000000          180.107000        0.579029         
1655935467        5.712090          0.109547          0.579029          0.003071          0.000000          180.107000        0.579029         
1655935477        5.712090          0.109547          0.579029          0.003071          0.000000          180.107000        0.579029         
1655935487        5.712090          0.109547          0.579029          0.003071          0.000000          180.108000        0.579029         
1655935498        5.712090          0.109547          0.579029          0.003071          0.000000          180.109000        0.579029         
1655935508        5.712090          0.109547          0.579029          0.003071          0.000000          180.109000        0.579029         
1655935518        5.712090          0.109547          0.579029          0.003071          0.000000          180.108000        0.579029         
1655935528        5.712090          0.109547          0.579029          0.003071          0.000000          180.109000        0.579029         
1655935538        5.712090          0.109547          0.579029          0.003071          0.000000          180.108000        0.579029         
1655935548        5.712090          0.109547          0.579029          0.003071          0.000000          180.110000        0.579029         
1655935559        5.712090          0.109547          0.579029          0.003071          0.000000          180.110000        0.579029         
1655935569        5.712090          0.109547          0.579029          0.003071          0.000000          180.108000        0.579029         
1655935579        5.712090          0.109547          0.579029          0.003071          0.000000          180.109000        0.579029         
1655935589        5.712090          0.109547          0.579029          0.003071          0.000000          180.111000        0.579029         
1655935599        5.712090          0.109547          0.579029          0.003071          0.000000          180.111000        0.579029         
1655935609        5.712090          0.109547          0.579029          0.003071          0.000000          180.108000        0.579029         
1655935619        5.712090          0.109547          0.579029          0.003071          0.000000          180.111000        0.579029         
1655935630        5.712090          0.109547          0.579029          0.003071          0.000000          180.111000        0.579029         
1655935640        5.712090          0.109547          0.579029          0.003075          0.000000          180.109000        0.579029         
1655935650        5.712090          0.109547          0.579029          0.003075          0.000000          180.111000        0.579029         
1655935660        5.712090          0.109547          0.579029          0.003075          0.000000          180.110000        0.579029         
1655935670        5.712090          0.109547          0.579029          0.003075          0.000000          180.108000        0.579029         
1655935680        5.712090          0.109547          0.579029          0.003075          0.000000          180.108000        0.579029         
1655935690        5.712090          0.109547          0.579029          0.003075          0.000000          180.111000        0.579029         
1655935701        5.712090          0.109547          0.579029          0.003075          0.000000          180.111000        0.579029         
1655935711        5.712090          0.109547          0.579029          0.003075          0.000000          180.110000        0.579029         
1655935721        5.712090          0.109547          0.579029          0.003075          0.000000          180.113000        0.579029         
1655935732        5.712090          0.109547          0.579029          0.003075          0.000000          180.111000        0.579029         
1655935742        5.712090          0.109547          0.579029          0.003075          0.000000          180.111000        0.579029         
1655935752        5.712090          0.109547          0.579029          0.003075          0.000000          180.110000        0.579029         
1655935762        5.712090          0.109547          0.579029          0.003075          0.000000          180.112000        0.579029         
1655935772        5.712090          0.109547          0.579029          0.003075          0.000000          180.113000        0.579029         
1655935782        5.712090          0.109547          0.579029          0.003075          0.000000          180.112000        0.579029         
1655935792        5.712090          0.109547          0.579029          0.003075          0.000000          180.111000        0.579029         
1655935803        5.712090          0.109547          0.579029          0.003075          0.000000          180.111000        0.579029         
1655935813        5.712090          0.109547          0.579029          0.003075          0.000000          180.110000        0.579029         
1655935823        5.712090          0.109547          0.579029          0.003075          0.000000          180.110000        0.579029         
1655935833        5.712090          0.109547          0.579029          0.003075          0.000000          180.110000        0.579029         
1655935843        5.712090          0.109547          0.579029          0.003075          0.000000          180.110000        0.579029         
1655935853        5.712090          0.109547          0.579029          0.003075          0.000000          180.112000        0.579029         
1655935864        5.712090          0.109547          0.579029          0.003075          0.000000          180.110000        0.579029         
1655935874        5.712090          0.109547          0.579029          0.003075          0.000000          180.112000        0.579029         
1655935884        5.712090          0.109547          0.579029          0.003075          0.000000          180.111000        0.579029         
1655935894        5.712090          0.109547          0.579029          0.003078          0.000000          180.112000        0.579029         
1655935904        5.712090          0.109547          0.579029          0.003078          0.000000          180.112000        0.579029         
1655935914        5.712090          0.109547          0.579029          0.003078          0.000000          180.112000        0.579029         
1655935924        5.712090          0.109547          0.579029          0.003078          0.000000          180.112000        0.579029         
1655935935        5.712090          0.109547          0.579029          0.003078          0.000000          180.113000        0.579029         
1655935945        5.712090          0.109547          0.579029          0.003078          0.000000          180.112000        0.579029         
1655935955        5.712090          0.109547          0.579029          0.003078          0.000000          180.113000        0.579029         
1655935965        5.712090          0.109547          0.579029          0.003078          0.000000          180.112000        0.579029         
1655935975        5.712090          0.109547          0.579029          0.003078          0.000000          180.112000        0.579029         
1655935985        5.712090          0.109547          0.579029          0.003078          0.000000          180.113000        0.579029         
1655935996        5.712090          0.109547          0.579029          0.003078          0.000000          180.114000        0.579029         
1655936006        5.712090          0.109547          0.579029          0.003078          0.000000          180.112000        0.579029         
1655936016        5.712090          0.109547          0.579029          0.003078          0.000000          180.112000        0.579029         
1655936026        5.712090          0.109547          0.579029          0.003078          0.000000          180.111000        0.579029         
1655936036        5.712090          0.109547          0.579029          0.003078          0.000000          180.113000        0.579029         
1655936046        5.712090          0.109547          0.579029          0.003078          0.000000          180.114000        0.579029         
1655936056        5.712090          0.109547          0.579029          0.003078          0.000000          180.113000        0.579029         
1655936067        5.712090          0.109547          0.579029          0.003078          0.000000          180.115000        0.579029         
1655936079        5.712090          0.109547          0.579029          0.003078          0.000000          180.112000        0.579029         
1655936089        5.712090          0.109547          0.579029          0.003078          0.000000          180.114000        0.579029         
1655936100        5.712090          0.109547          0.579029          0.003078          0.000000          180.112000        0.579029         
1655936110        5.712090          0.109547          0.579029          0.003078          0.000000          180.113000        0.579029         
1655936120        5.712090          0.109547          0.579029          0.003078          0.000000          180.114000        0.579029         
1655936130        5.712090          0.109547          0.579029          0.003078          0.000000          180.114000        0.579029         
1655936140        5.712090          0.109547          0.579029          0.003078          0.000000          180.112000        0.579029         
1655936150        5.712090          0.109547          0.579029          0.003078          0.000000          180.113000        0.579029         
1655936160        5.712090          0.109547          0.579029          0.003082          0.000000          180.114000        0.579029         
1655936171        5.712090          0.109547          0.579029          0.003082          0.000000          180.115000        0.579029         
1655936181        5.712090          0.109547          0.579029          0.003082          0.000000          180.114000        0.579029         
1655936191        5.712090          0.109547          0.579029          0.003082          0.000000          180.112000        0.579029         
1655936201        5.712090          0.109547          0.579029          0.003082          0.000000          180.114000        0.579029         
1655936211        5.712090          0.109547          0.579029          0.003082          0.000000          180.114000        0.579029         
1655936221        5.712090          0.109547          0.579029          0.003082          0.000000          180.115000        0.579029         
1655936232        5.712090          0.109547          0.579029          0.003082          0.000000          180.114000        0.579029         
1655936242        5.712090          0.109547          0.579029          0.003082          0.000000          180.114000        0.579029         
1655936252        5.712090          0.109547          0.579029          0.003082          0.000000          180.130000        0.579029         
1655936262        5.712090          0.109547          0.579029          0.003082          0.000000          180.132000        0.579029         
1655936272        5.712090          0.109547          0.579029          0.003082          0.000000          180.133000        0.579029         
1655936282        5.712090          0.109547          0.579029          0.003082          0.000000          180.137000        0.579029         
1655936292        5.712090          0.109547          0.579029          0.003082          0.000000          180.137000        0.579029         
1655936303        5.712090          0.109547          0.579029          0.003082          0.000000          180.143000        0.579029         
1655936313        5.712090          0.109547          0.579029          0.003082          0.000000          181.897000        0.579029         
1655936323        5.712090          0.109547          0.579029          0.003082          0.000000          181.895000        0.579029         
1655936333        5.712090          0.109547          0.579029          0.003082          0.000000          181.898000        0.579029         
1655936343        5.712090          0.109547          0.579029          0.003082          0.000000          181.896000        0.579029         
1655936353        5.712090          0.109547          0.579029          0.003082          0.000000          181.897000        0.579029         
1655936364        5.712090          0.109547          0.579029          0.003082          0.000000          181.897000        0.579029         
1655936374        5.712090          0.109547          0.579029          0.003082          0.000000          181.898000        0.579029         
1655936384        5.712090          0.109547          0.579029          0.003082          0.000000          181.897000        0.579029         
1655936394        5.712090          0.109547          0.579029          0.003086          0.000000          181.899000        0.579029         
1655936404        5.712090          0.109547          0.579029          0.003086          0.000000          181.898000        0.579029         
1655936414        5.712090          0.109547          0.579029          0.003086          0.000000          181.897000        0.579029         
1655936424        5.712090          0.109547          0.579029          0.003086          0.000000          181.897000        0.579029         
1655936435        5.712090          0.109547          0.579029          0.003086          0.000000          181.898000        0.579029         
1655936445        5.712090          0.109547          0.579029          0.003086          0.000000          181.896000        0.579029         
1655936455        5.712090          0.109547          0.579029          0.003086          0.000000          181.897000        0.579029         
1655936465        5.712090          0.109547          0.579029          0.003086          0.000000          181.898000        0.579029         
1655936475        5.712090          0.109547          0.579029          0.003086          0.000000          181.897000        0.579029         
1655936485        5.712090          0.109547          0.579029          0.003086          0.000000          181.899000        0.579029         
1655936496        5.712090          0.109547          0.579029          0.003086          0.000000          181.898000        0.579029         
1655936506        5.712090          0.109547          0.579029          0.003086          0.000000          181.896000        0.579029         
1655936516        5.712090          0.109547          0.579029          0.003086          0.000000          181.897000        0.579029         
1655936526        5.712090          0.109547          0.579029          0.003086          0.000000          181.895000        0.579029         
1655936536        5.712090          0.109547          0.579029          0.003086          0.000000          181.896000        0.579029         
1655936546        5.712090          0.109547          0.579029          0.003086          0.000000          181.897000        0.579029         
1655936556        5.712090          0.109547          0.579029          0.003086          0.000000          181.896000        0.579029         
1655936567        5.712090          0.109547          0.579029          0.003086          0.000000          181.898000        0.579029         
1655936577        5.712090          0.109547          0.579029          0.003086          0.000000          181.896000        0.579029         
1655936587        5.712090          0.109547          0.579029          0.003086          0.000000          181.898000        0.579029         
1655936597        5.712090          0.109547          0.579029          0.003086          0.000000          181.896000        0.579029         
1655936607        5.712090          0.109547          0.579029          0.003086          0.000000          181.896000        0.579029         
1655936617        5.712090          0.109547          0.579029          0.003086          0.000000          181.898000        0.579029         
1655936628        5.712090          0.109547          0.579029          0.003086          0.000000          181.898000        0.579029         
1655936638        5.712090          0.109547          0.579029          0.003086          0.000000          181.898000        0.579029         
1655936648        5.712090          0.109547          0.579029          0.003086          0.000000          181.898000        0.579029         
1655936658        5.712090          0.109547          0.579029          0.003086          0.000000          181.899000        0.579029         
1655936668        5.712090          0.109547          0.579029          0.003086          0.000000          181.897000        0.579029         
1655936678        5.712090          0.109547          0.579029          0.003086          0.000000          181.898000        0.579029         
1655936688        5.712090          0.109547          0.579029          0.003090          0.000000          181.898000        0.579029         
1655936699        5.712090          0.109547          0.579029          0.003090          0.000000          181.897000        0.579029         
1655936709        5.712090          0.109547          0.579029          0.003090          0.000000          181.897000        0.579029         
1655936719        5.712090          0.109547          0.579029          0.003090          0.000000          181.897000        0.579029         
1655936729        5.712090          0.109547          0.579029          0.003090          0.000000          181.897000        0.579029         
1655936739        5.712090          0.109547          0.579029          0.003090          0.000000          181.898000        0.579029         
1655936750        5.712090          0.109547          0.579029          0.003090          0.000000          181.899000        0.579029         
1655936760        5.712090          0.109547          0.579029          0.003090          0.000000          181.899000        0.579029         
1655936770        5.712090          0.109547          0.579029          0.003090          0.000000          181.897000        0.579029         
1655936780        5.712090          0.109547          0.579029          0.003090          0.000000          181.898000        0.579029         
1655936790        5.712090          0.109547          0.579029          0.003090          0.000000          181.897000        0.579029         
1655936800        5.712090          0.109547          0.579029          0.003090          0.000000          181.898000        0.579029         
1655936811        5.712090          0.109547          0.579029          0.003090          0.000000          181.898000        0.579029         
1655936821        5.712090          0.109547          0.579029          0.003090          0.000000          181.897000        0.579029         
1655936831        5.712090          0.109547          0.579029          0.003090          0.000000          181.897000        0.579029         
1655936841        5.712090          0.109547          0.579029          0.003090          0.000000          181.897000        0.579029         
1655936851        5.712090          0.109547          0.579029          0.003090          0.000000          181.897000        0.579029         
1655936861        5.712090          0.109547          0.579029          0.003090          0.000000          181.898000        0.579029         
1655936872        5.712090          0.109547          0.579029          0.003090          0.000000          181.898000        0.579029         
1655936882        5.712090          0.109547          0.579029          0.003090          0.000000          181.897000        0.579029         
1655936892        5.712090          0.109547          0.579029          0.003090          0.000000          181.898000        0.579029         
1655936902        5.712090          0.109547          0.579029          0.003090          0.000000          181.897000        0.579029         
1655936912        5.712090          0.109547          0.579029          0.003090          0.000000          181.897000        0.579029         
1655936922        5.712090          0.109547          0.579029          0.003090          0.000000          181.898000        0.579029         
1655936932        5.712090          0.109547          0.579029          0.003094          0.000000          181.898000        0.579029         
1655936943        5.712090          0.109547          0.579029          0.003094          0.000000          181.898000        0.579029         
1655936953        5.712090          0.109547          0.579029          0.003094          0.000000          181.898000        0.579029         
1655936963        5.712090          0.109547          0.579029          0.003094          0.000000          181.898000        0.579029         
1655936973        5.712090          0.109547          0.579029          0.003094          0.000000          181.899000        0.579029         
1655936984        5.712090          0.109547          0.579029          0.003094          0.000000          181.898000        0.579029         
1655936994        5.712090          0.109547          0.579029          0.003094          0.000000          181.897000        0.579029         
1655937004        5.712090          0.109547          0.579029          0.003094          0.000000          181.897000        0.579029         
1655937014        5.712090          0.109547          0.579029          0.003094          0.000000          181.898000        0.579029         
1655937024        5.712090          0.109547          0.579029          0.003094          0.000000          181.896000        0.579029         
1655937034        5.712090          0.109547          0.579029          0.003094          0.000000          181.897000        0.579029         
1655937044        5.712090          0.109547          0.579029          0.003094          0.000000          181.898000        0.579029         
1655937055        5.712090          0.109547          0.579029          0.003094          0.000000          181.900000        0.579029         
1655937065        5.712090          0.109547          0.579029          0.003094          0.000000          181.899000        0.579029         
