#TIME             VMEM_MAX          VMEM              RMEM_MAX          RMEM              SHMEM             MEM_FREE          TMEM_MAX         
1655935345        0.633614          0.633614          0.029015          0.029015          0.000000          181.034000        0.029015         
1655935356        2.880460          2.880460          0.124096          0.124096          0.000000          178.976000        0.124096         
1655935366        5.370820          5.370820          0.316933          0.316933          0.000000          178.772000        0.316933         
1655935376        5.444560          5.444560          0.390629          0.390629          0.000000          178.654000        0.390629         
1655935386        5.653250          5.653250          0.572075          0.572075          0.000000          178.452000        0.572075         
1655935396        5.653250          5.653250          0.574440          0.574440          0.000000          178.445000        0.574440         
1655935406        5.653250          2.158350          0.574440          0.124973          0.000000          178.829000        0.574440         
1655935417        5.653250          2.161400          0.574440          0.127930          0.000000          178.823000        0.574440         
1655935427        5.653250          2.247150          0.574440          0.204597          0.000000          178.754000        0.574440         
1655935437        5.653250          2.247150          0.574440          0.205772          0.000000          178.751000        0.574440         
1655935447        5.653250          1.504770          0.574440          0.040279          0.000000          179.022000        0.574440         
1655935457        5.653250          0.109547          0.574440          0.003071          0.000000          179.037000        0.574440         
1655935467        5.653250          0.109547          0.574440          0.003071          0.000000          179.037000        0.574440         
1655935477        5.653250          0.109547          0.574440          0.003071          0.000000          179.039000        0.574440         
1655935488        5.653250          0.109547          0.574440          0.003071          0.000000          179.039000        0.574440         
1655935498        5.653250          0.109547          0.574440          0.003071          0.000000          179.039000        0.574440         
1655935508        5.653250          0.109547          0.574440          0.003071          0.000000          179.039000        0.574440         
1655935518        5.653250          0.109547          0.574440          0.003071          0.000000          179.038000        0.574440         
1655935528        5.653250          0.109547          0.574440          0.003071          0.000000          179.039000        0.574440         
1655935538        5.653250          0.109547          0.574440          0.003071          0.000000          179.040000        0.574440         
1655935548        5.653250          0.109547          0.574440          0.003071          0.000000          179.040000        0.574440         
1655935559        5.653250          0.109547          0.574440          0.003071          0.000000          179.039000        0.574440         
1655935569        5.653250          0.109547          0.574440          0.003071          0.000000          179.040000        0.574440         
1655935579        5.653250          0.109547          0.574440          0.003071          0.000000          179.038000        0.574440         
1655935589        5.653250          0.109547          0.574440          0.003071          0.000000          179.039000        0.574440         
1655935599        5.653250          0.109547          0.574440          0.003071          0.000000          179.037000        0.574440         
1655935609        5.653250          0.109547          0.574440          0.003071          0.000000          179.039000        0.574440         
1655935620        5.653250          0.109547          0.574440          0.003071          0.000000          179.040000        0.574440         
1655935630        5.653250          0.109547          0.574440          0.003071          0.000000          179.039000        0.574440         
1655935640        5.653250          0.109547          0.574440          0.003071          0.000000          179.040000        0.574440         
1655935650        5.653250          0.109547          0.574440          0.003071          0.000000          179.040000        0.574440         
1655935660        5.653250          0.109547          0.574440          0.003071          0.000000          179.039000        0.574440         
1655935670        5.653250          0.109547          0.574440          0.003071          0.000000          179.037000        0.574440         
1655935680        5.653250          0.109547          0.574440          0.003071          0.000000          179.039000        0.574440         
1655935691        5.653250          0.109547          0.574440          0.003071          0.000000          179.041000        0.574440         
1655935705        5.653250          0.109547          0.574440          0.003071          0.000000          179.040000        0.574440         
1655935715        5.653250          0.109547          0.574440          0.003075          0.000000          179.040000        0.574440         
1655935725        5.653250          0.109547          0.574440          0.003075          0.000000          179.038000        0.574440         
1655935736        5.653250          0.109547          0.574440          0.003075          0.000000          179.041000        0.574440         
1655935746        5.653250          0.109547          0.574440          0.003075          0.000000          179.041000        0.574440         
1655935757        5.653250          0.109547          0.574440          0.003075          0.000000          179.041000        0.574440         
1655935767        5.653250          0.109547          0.574440          0.003075          0.000000          179.039000        0.574440         
1655935777        5.653250          0.109547          0.574440          0.003075          0.000000          179.038000        0.574440         
1655935787        5.653250          0.109547          0.574440          0.003075          0.000000          179.039000        0.574440         
1655935802        5.653250          0.109547          0.574440          0.003075          0.000000          179.041000        0.574440         
1655935813        5.653250          0.109547          0.574440          0.003075          0.000000          179.040000        0.574440         
1655935823        5.653250          0.109547          0.574440          0.003075          0.000000          179.040000        0.574440         
1655935833        5.653250          0.109547          0.574440          0.003075          0.000000          179.042000        0.574440         
1655935843        5.653250          0.109547          0.574440          0.003075          0.000000          179.039000        0.574440         
1655935853        5.653250          0.109547          0.574440          0.003075          0.000000          179.040000        0.574440         
1655935863        5.653250          0.109547          0.574440          0.003075          0.000000          179.039000        0.574440         
1655935873        5.653250          0.109547          0.574440          0.003075          0.000000          179.042000        0.574440         
1655935884        5.653250          0.109547          0.574440          0.003075          0.000000          179.038000        0.574440         
1655935894        5.653250          0.109547          0.574440          0.003075          0.000000          179.039000        0.574440         
1655935904        5.653250          0.109547          0.574440          0.003075          0.000000          179.038000        0.574440         
1655935914        5.653250          0.109547          0.574440          0.003075          0.000000          179.040000        0.574440         
1655935924        5.653250          0.109547          0.574440          0.003075          0.000000          179.037000        0.574440         
1655935934        5.653250          0.109547          0.574440          0.003075          0.000000          179.041000        0.574440         
1655935944        5.653250          0.109547          0.574440          0.003075          0.000000          179.043000        0.574440         
1655935955        5.653250          0.109547          0.574440          0.003075          0.000000          179.040000        0.574440         
1655935965        5.653250          0.109547          0.574440          0.003075          0.000000          179.039000        0.574440         
1655935975        5.653250          0.109547          0.574440          0.003075          0.000000          179.038000        0.574440         
1655935985        5.653250          0.109547          0.574440          0.003078          0.000000          179.044000        0.574440         
1655935995        5.653250          0.109547          0.574440          0.003078          0.000000          179.044000        0.574440         
1655936005        5.653250          0.109547          0.574440          0.003078          0.000000          179.043000        0.574440         
1655936015        5.653250          0.109547          0.574440          0.003078          0.000000          179.041000        0.574440         
1655936026        5.653250          0.109547          0.574440          0.003078          0.000000          179.043000        0.574440         
1655936036        5.653250          0.109547          0.574440          0.003078          0.000000          179.041000        0.574440         
1655936046        5.653250          0.109547          0.574440          0.003078          0.000000          179.043000        0.574440         
1655936056        5.653250          0.109547          0.574440          0.003078          0.000000          179.041000        0.574440         
1655936066        5.653250          0.109547          0.574440          0.003078          0.000000          179.041000        0.574440         
1655936076        5.653250          0.109547          0.574440          0.003078          0.000000          179.041000        0.574440         
1655936086        5.653250          0.109547          0.574440          0.003078          0.000000          179.041000        0.574440         
1655936097        5.653250          0.109547          0.574440          0.003078          0.000000          179.041000        0.574440         
1655936107        5.653250          0.109547          0.574440          0.003078          0.000000          179.044000        0.574440         
1655936117        5.653250          0.109547          0.574440          0.003078          0.000000          179.045000        0.574440         
1655936127        5.653250          0.109547          0.574440          0.003078          0.000000          179.042000        0.574440         
1655936137        5.653250          0.109547          0.574440          0.003078          0.000000          179.043000        0.574440         
1655936147        5.653250          0.109547          0.574440          0.003078          0.000000          179.044000        0.574440         
1655936157        5.653250          0.109547          0.574440          0.003078          0.000000          179.042000        0.574440         
1655936168        5.653250          0.109547          0.574440          0.003078          0.000000          179.042000        0.574440         
1655936178        5.653250          0.109547          0.574440          0.003078          0.000000          179.044000        0.574440         
1655936188        5.653250          0.109547          0.574440          0.003078          0.000000          179.043000        0.574440         
1655936198        5.653250          0.109547          0.574440          0.003078          0.000000          179.042000        0.574440         
1655936208        5.653250          0.109547          0.574440          0.003078          0.000000          179.044000        0.574440         
1655936218        5.653250          0.109547          0.574440          0.003078          0.000000          179.041000        0.574440         
1655936229        5.653250          0.109547          0.574440          0.003078          0.000000          179.044000        0.574440         
1655936239        5.653250          0.109547          0.574440          0.003082          0.000000          179.041000        0.574440         
1655936249        5.653250          0.109547          0.574440          0.003082          0.000000          179.061000        0.574440         
1655936259        5.653250          0.109547          0.574440          0.003082          0.000000          179.061000        0.574440         
1655936270        5.653250          0.109547          0.574440          0.003082          0.000000          179.063000        0.574440         
1655936280        5.653250          0.109547          0.574440          0.003082          0.000000          179.065000        0.574440         
1655936290        5.653250          0.109547          0.574440          0.003082          0.000000          179.062000        0.574440         
1655936300        5.653250          0.109547          0.574440          0.003082          0.000000          179.064000        0.574440         
1655936310        5.653250          0.109547          0.574440          0.003082          0.000000          180.825000        0.574440         
1655936320        5.653250          0.109547          0.574440          0.003082          0.000000          180.824000        0.574440         
1655936330        5.653250          0.109547          0.574440          0.003082          0.000000          180.825000        0.574440         
1655936340        5.653250          0.109547          0.574440          0.003082          0.000000          180.823000        0.574440         
1655936351        5.653250          0.109547          0.574440          0.003082          0.000000          180.828000        0.574440         
1655936361        5.653250          0.109547          0.574440          0.003082          0.000000          180.827000        0.574440         
1655936371        5.653250          0.109547          0.574440          0.003082          0.000000          180.828000        0.574440         
1655936381        5.653250          0.109547          0.574440          0.003082          0.000000          180.828000        0.574440         
1655936391        5.653250          0.109547          0.574440          0.003082          0.000000          180.828000        0.574440         
1655936401        5.653250          0.109547          0.574440          0.003082          0.000000          180.829000        0.574440         
1655936411        5.653250          0.109547          0.574440          0.003082          0.000000          180.830000        0.574440         
1655936422        5.653250          0.109547          0.574440          0.003082          0.000000          180.826000        0.574440         
1655936432        5.653250          0.109547          0.574440          0.003082          0.000000          180.825000        0.574440         
1655936442        5.653250          0.109547          0.574440          0.003082          0.000000          180.828000        0.574440         
1655936452        5.653250          0.109547          0.574440          0.003082          0.000000          180.826000        0.574440         
1655936462        5.653250          0.109547          0.574440          0.003082          0.000000          180.828000        0.574440         
1655936472        5.653250          0.109547          0.574440          0.003082          0.000000          180.825000        0.574440         
1655936483        5.653250          0.109547          0.574440          0.003082          0.000000          180.827000        0.574440         
1655936493        5.653250          0.109547          0.574440          0.003086          0.000000          180.826000        0.574440         
1655936503        5.653250          0.109547          0.574440          0.003086          0.000000          180.827000        0.574440         
1655936513        5.653250          0.109547          0.574440          0.003086          0.000000          180.828000        0.574440         
1655936523        5.653250          0.109547          0.574440          0.003086          0.000000          180.829000        0.574440         
1655936534        5.653250          0.109547          0.574440          0.003086          0.000000          180.829000        0.574440         
1655936544        5.653250          0.109547          0.574440          0.003086          0.000000          180.827000        0.574440         
1655936554        5.653250          0.109547          0.574440          0.003086          0.000000          180.831000        0.574440         
1655936564        5.653250          0.109547          0.574440          0.003086          0.000000          180.830000        0.574440         
1655936574        5.653250          0.109547          0.574440          0.003086          0.000000          180.828000        0.574440         
1655936584        5.653250          0.109547          0.574440          0.003086          0.000000          180.828000        0.574440         
1655936594        5.653250          0.109547          0.574440          0.003086          0.000000          180.826000        0.574440         
1655936605        5.653250          0.109547          0.574440          0.003086          0.000000          180.828000        0.574440         
1655936615        5.653250          0.109547          0.574440          0.003086          0.000000          180.828000        0.574440         
1655936625        5.653250          0.109547          0.574440          0.003086          0.000000          180.827000        0.574440         
1655936635        5.653250          0.109547          0.574440          0.003086          0.000000          180.829000        0.574440         
1655936645        5.653250          0.109547          0.574440          0.003086          0.000000          180.825000        0.574440         
1655936656        5.653250          0.109547          0.574440          0.003086          0.000000          180.827000        0.574440         
1655936666        5.653250          0.109547          0.574440          0.003086          0.000000          180.827000        0.574440         
1655936676        5.653250          0.109547          0.574440          0.003086          0.000000          180.827000        0.574440         
1655936686        5.653250          0.109547          0.574440          0.003086          0.000000          180.827000        0.574440         
1655936696        5.653250          0.109547          0.574440          0.003086          0.000000          180.828000        0.574440         
1655936706        5.653250          0.109547          0.574440          0.003086          0.000000          180.826000        0.574440         
1655936716        5.653250          0.109547          0.574440          0.003086          0.000000          180.828000        0.574440         
1655936727        5.653250          0.109547          0.574440          0.003086          0.000000          180.826000        0.574440         
1655936737        5.653250          0.109547          0.574440          0.003086          0.000000          180.827000        0.574440         
1655936747        5.653250          0.109547          0.574440          0.003086          0.000000          180.826000        0.574440         
1655936757        5.653250          0.109547          0.574440          0.003086          0.000000          180.826000        0.574440         
1655936767        5.653250          0.109547          0.574440          0.003090          0.000000          180.828000        0.574440         
1655936777        5.653250          0.109547          0.574440          0.003090          0.000000          180.828000        0.574440         
1655936787        5.653250          0.109547          0.574440          0.003090          0.000000          180.828000        0.574440         
1655936798        5.653250          0.109547          0.574440          0.003090          0.000000          180.827000        0.574440         
1655936808        5.653250          0.109547          0.574440          0.003090          0.000000          180.825000        0.574440         
1655936818        5.653250          0.109547          0.574440          0.003090          0.000000          180.826000        0.574440         
1655936828        5.653250          0.109547          0.574440          0.003090          0.000000          180.826000        0.574440         
1655936838        5.653250          0.109547          0.574440          0.003090          0.000000          180.827000        0.574440         
1655936848        5.653250          0.109547          0.574440          0.003090          0.000000          180.829000        0.574440         
1655936859        5.653250          0.109547          0.574440          0.003090          0.000000          180.829000        0.574440         
1655936869        5.653250          0.109547          0.574440          0.003090          0.000000          180.829000        0.574440         
1655936879        5.653250          0.109547          0.574440          0.003090          0.000000          180.827000        0.574440         
1655936889        5.653250          0.109547          0.574440          0.003090          0.000000          180.826000        0.574440         
1655936899        5.653250          0.109547          0.574440          0.003090          0.000000          180.826000        0.574440         
1655936909        5.653250          0.109547          0.574440          0.003090          0.000000          180.829000        0.574440         
1655936920        5.653250          0.109547          0.574440          0.003090          0.000000          180.828000        0.574440         
1655936930        5.653250          0.109547          0.574440          0.003090          0.000000          180.829000        0.574440         
1655936940        5.653250          0.109547          0.574440          0.003090          0.000000          180.827000        0.574440         
1655936950        5.653250          0.109547          0.574440          0.003090          0.000000          180.829000        0.574440         
1655936960        5.653250          0.109547          0.574440          0.003090          0.000000          180.827000        0.574440         
1655936971        5.653250          0.109547          0.574440          0.003090          0.000000          180.830000        0.574440         
1655936981        5.653250          0.109547          0.574440          0.003094          0.000000          180.829000        0.574440         
1655936991        5.653250          0.109547          0.574440          0.003094          0.000000          180.826000        0.574440         
1655937002        5.653250          0.109547          0.574440          0.003094          0.000000          180.827000        0.574440         
1655937012        5.653250          0.109547          0.574440          0.003094          0.000000          180.827000        0.574440         
1655937022        5.653250          0.109547          0.574440          0.003094          0.000000          180.829000        0.574440         
1655937032        5.653250          0.109547          0.574440          0.003094          0.000000          180.826000        0.574440         
1655937042        5.653250          0.109547          0.574440          0.003094          0.000000          180.826000        0.574440         
1655937052        5.653250          0.109547          0.574440          0.003094          0.000000          180.826000        0.574440         
1655937063        5.653250          0.109547          0.574440          0.003094          0.000000          180.824000        0.574440         
