      time tx_packets rx_packets        tx_bytes        rx_bytes  tx_errors tx_dropped rx_frame_errors rx_crc_errors
1655935342          0         12               0             720          0          0          0          0
1655935352         34        161            5287           30553          0          0          0          0
1655935362         18        103            2800            6282          0          0          0          0
1655935372          0        100               0            6792          0          0          0          0
1655935382         12        212             810           14208          0          0          0          0
1655935392          1        230              42           13800          0          0          0          0
1655935403         61        367            7463           42169          0          0          0          0
1655935413          0        260               0           15600          0          0          0          0
1655935423          0       1003               0           60180          0          0          0          0
1655935433          6        391             434           24912          0          0          0          0
1655935447         14        701            1739           48468          0          0          0          0
1655935457          0        366               0           22368          0          0          0          0
1655935468          0        948               0           57144          0          0          0          0
1655935478          6        593             574           35788          0          0          0          0
1655935488          1        214              42           13368          0          0          0          0
1655935498          0        375               0           22764          0          0          0          0
1655935509          0        898               0           53880          0          0          0          0
1655935519          0        324               0           20232          0          0          0          0
1655935529          0        313               0           18780          0          0          0          0
1655935539          0        296               0           17760          0          0          0          0
1655935549          0        315               0           19692          0          0          0          0
1655935559          0        764               0           45840          0          0          0          0
1655935570          0        237               0           14220          0          0          0          0
1655935580          0        738               0           45072          0          0          0          0
1655935590          0        244               0           14640          0          0          0          0
1655935600          0        435               0           26390          0          0          0          0
1655935610          0        206               0           12888          0          0          0          0
1655935620          0        286               0           17160          0          0          0          0
1655935630          0        397               0           24084          0          0          0          0
1655935641         30        791           31446           48609          0          0          0          0
1655935651          1        795              90           47790          0          0          0          0
1655935661          0        490               0           29868          0          0          0          0
1655935671          0        172               0           10584          0          0          0          0
1655935681          6        320             574           19408          0          0          0          0
1655935691          1        250              42           15528          0          0          0          0
1655935702          0        238               0           14544          0          0          0          0
1655935712          0        292               0           17520          0          0          0          0
1655935726          1       1020              90           62022          0          0          0          0
1655935736          0        523               0           31380          0          0          0          0
1655935746          0        429               0           26004          0          0          0          0
1655935756          0        263               0           16308          0          0          0          0
1655935766          0       1082               0           64920          0          0          0          0
1655935777          0        537               0           32484          0          0          0          0
1655935787          1        241              90           15018          0          0          0          0
1655935797          0        352               0           21120          0          0          0          0
1655935807          2       5147             211          309354          0          0          0          0
1655935817          0        104               0            6504          0          0          0          0
1655935827          0        279               0           16740          0          0          0          0
1655935838          0        385               0           23628          0          0          0          0
1655935848          0        340               0           20664          0          0          0          0
1655935858          0        714               0           42840          0          0          0          0
1655935868          0        199               0           12468          0          0          0          0
1655935878          6        789             574           47812          0          0          0          0
1655935888          1        149              42            8940          0          0          0          0
1655935899          1        396              78           24578          0          0          0          0
1655935909          1        151              86            9078          0          0          0          0
1655935919          0        223               0           13380          0          0          0          0
1655935929          0        436               0           26952          0          0          0          0
1655935939         32        586           31735           35819          0          0          0          0
1655935949          0       1189               0           71340          0          0          0          0
1655935960          0        537               0           33012          0          0          0          0
1655935970          2        164             164            9884          0          0          0          0
1655935980          0        235               0           14364          0          0          0          0
1655935990          0        184               0           11568          0          0          0          0
1655936000          0        185               0           11100          0          0          0          0
1655936010          0        285               0           17424          0          0          0          0
1655936021          6       1228             574           74356          0          0          0          0
1655936031          1        357              42           21420          0          0          0          0
1655936041          1        666              78           40514          0          0          0          0
1655936051          1        112              86            7002          0          0          0          0
1655936061          0        310               0           18600          0          0          0          0
1655936072          0        545               0           33228          0          0          0          0
1655936082          0        408               0           24744          0          0          0          0
1655936092          0        134               0            8040          0          0          0          0
1655936102          0        337               0           21012          0          0          0          0
1655936112          0        919               0           55140          0          0          0          0
1655936123          0        525               0           31500          0          0          0          0
1655936133         15        359            1561           23244          0          0          0          0
1655936143          0        307               0           18420          0          0          0          0
1655936153          0        301               0           18060          0          0          0          0
1655936163          0        483               0           29772          0          0          0          0
1655936173          0        181               0           10920          0          0          0          0
1655936184          0        591               0           35664          0          0          0          0
1655936194          0        168               0           10668          0          0          0          0
1655936204          0        385               0           23040          0          0          0          0
1655936214          0        142               0            8784          0          0          0          0
1655936224          0        365               0           22428          0          0          0          0
1655936235         30        764           32013           46521          0          0          0          0
1655936245         33        804            6067           53609          0          0          0          0
1655936255          0       1091               0           65724          0          0          0          0
1655936265          0        712               0           42720          0          0          0          0
1655936275          0        681               0           41388          0          0          0          0
1655936285          2       1361             108           81936          0          0          0          0
1655936296          0       2131               0          127860          0          0          0          0
1655936306          0        324               0           20232          0          0          0          0
1655936316          0        418               0           25080          0          0          0          0
1655936326          6       1352             574           81328          0          0          0          0
1655936336          2        595             132           36522          0          0          0          0
1655936347          1       1216              42           72960          0          0          0          0
1655936357          0       1219               0           73140          0          0          0          0
1655936367          0        767               0           46812          0          0          0          0
1655936377          0        426               0           25560          0          0          0          0
1655936387          0        874               0           52704          0          0          0          0
1655936398          0        865               0           52428          0          0          0          0
1655936408          3       3402             254          204126          0          0          0          0
1655936418          2        298             164           18188          0          0          0          0
1655936429          0        422               0           25848          0          0          0          0
1655936439          0        208               0           12480          0          0          0          0
1655936449          0       1567               0           94668          0          0          0          0
1655936459          0       2307               0          138624          0          0          0          0
1655936469          0       1831               0          109800          0          0          0          0
1655936480          0       1138               0           68808          0          0          0          0
1655936490          0        188               0           11544          0          0          0          0
1655936500          0        390               0           23400          0          0          0          0
1655936510          0        159               0           10068          0          0          0          0
1655936520          0        245               0           14964          0          0          0          0
1655936530          7        599             616           36148          0          0          0          0
1655936541         30        675           32100           41961          0          0          0          0
1655936551          0        717               0           42960          0          0          0          0
1655936561          0        451               0           27060          0          0          0          0
1655936571          0        169               0           10932          0          0          0          0
1655936581          0        194               0           11640          0          0          0          0
1655936591          0        186               0           11160          0          0          0          0
1655936602          0        191               0           12252          0          0          0          0
1655936612          0        338               0           20280          0          0          0          0
1655936622          0       1116               0           67224          0          0          0          0
1655936632          0        459               0           28068          0          0          0          0
1655936642          0        665               0           39900          0          0          0          0
1655936652          0        304               0           18504          0          0          0          0
1655936663          0        232               0           14448          0          0          0          0
1655936673          0        229               0           13740          0          0          0          0
1655936683          0        444               0           27168          0          0          0          0
1655936693          0        144               0            8904          0          0          0          0
1655936703          0        238               0           14280          0          0          0          0
1655936714          4        757             328           46036          0          0          0          0
1655936724          0        244               0           14964          0          0          0          0
1655936734          7        450             616           27148          0          0          0          0
1655936744          0        293               0           18372          0          0          0          0
1655936754          0        411               0           24660          0          0          0          0
1655936764          0        562               0           33720          0          0          0          0
1655936775          0        673               0           41172          0          0          0          0
1655936785          0        146               0            8760          0          0          0          0
1655936795          1        258              78           15506          0          0          0          0
1655936805          1        302              86           18930          0          0          0          0
1655936815          0        157               0            9420          0          0          0          0
1655936825          0        203               0           12444          0          0          0          0
1655936836         30       1293           32185           78729          0          0          0          0
1655936846          2        454             164           27284          0          0          0          0
1655936856          2        683             168           41300          0          0          0          0
1655936866          1        250              86           15546          0          0          0          0
1655936876          0        193               0           11580          0          0          0          0
1655936887          0        138               0            8808          0          0          0          0
1655936897          0        180               0           11064          0          0          0          0
1655936907          0        261               0           15660          0          0          0          0
1655936917          0        626               0           38088          0          0          0          0
1655936927          7        908             664           54982          0          0          0          0
1655936937          1        131              42            7860          0          0          0          0
1655936948          0        127               0            8148          0          0          0          0
1655936958          0        131               0            8124          0          0          0          0
1655936968          0        121               0            7260          0          0          0          0
1655936978          2        147             164            9656          0          0          0          0
1655936989          1        109              90            6570          0          0          0          0
1655936999          0        105               0            6300          0          0          0          0
1655937009          2       4027             212          242418          0          0          0          0
1655937019          0         81               0            4860          0          0          0          0
1655937029          0        480               0           28800          0          0          0          0
1655937039          0        139               0            9132          0          0          0          0
1655937050          0        113               0            6780          0          0          0          0
1655937060          0        170               0           10464          0          0          0          0
