      time tx_packets rx_packets        tx_bytes        rx_bytes  tx_errors tx_dropped rx_frame_errors rx_crc_errors
1655935342         53         64           11244            5380          0          0          0          0
1655935352        482        556          231282           93743          0          0          0          0
1655935362         70        189            4810           20576          0          0          0          0
1655935372         28        143            1918           13404          0          0          0          0
1655935382          8        209             540           13532          0          0          0          0
1655935392          5        230             312           14476          0          0          0          0
1655935403        136        477           11799           56106          0          0          0          0
1655935413         76        356            5480           24158          0          0          0          0
1655935423          0       1003               0           60180          0          0          0          0
1655935433          0        410               0           25452          0          0          0          0
1655935443          1        560              78           33566          0          0          0          0
1655935453         59        308            4350           20600          0          0          0          0
1655935463          0        484               0           29832          0          0          0          0
1655935474          0        832               0           49920          0          0          0          0
1655935484          8        609             694           37038          0          0          0          0
1655935494          1        185              86           11646          0          0          0          0
1655935504          0        412               0           24720          0          0          0          0
1655935514          1        860              78           51890          0          0          0          0
1655935524          2        313             164           19352          0          0          0          0
1655935535          0        339               0           20340          0          0          0          0
1655935545          0        374               0           22968          0          0          0          0
1655935555          0        762               0           45984          0          0          0          0
1655935565          2        201             164           12104          0          0          0          0
1655935575          0        782               0           47448          0          0          0          0
1655935585          2        234             164           14348          0          0          0          0
1655935595          2        317             168           19102          0          0          0          0
1655935606          1        360              42           22392          0          0          0          0
1655935616          0        204               0           12240          0          0          0          0
1655935626          0        342               0           20520          0          0          0          0
1655935636         31        768           30358           47531          0          0          0          0
1655935646          0        555               0           33300          0          0          0          0
1655935657          0        746               0           44760          0          0          0          0
1655935667          0        307               0           19212          0          0          0          0
1655935677          6        287             574           17428          0          0          0          0
1655935687          1        243              42           14580          0          0          0          0
1655935697          0        273               0           17172          0          0          0          0
1655935707          0        292               0           17520          0          0          0          0
1655935717          0        359               0           21804          0          0          0          0
1655935728          0        799               0           48468          0          0          0          0
1655935738          0        505               0           30300          0          0          0          0
1655935748          0        439               0           26604          0          0          0          0
1655935758          0        417               0           25548          0          0          0          0
1655935768          0        921               0           55260          0          0          0          0
1655935779          0        609               0           37068          0          0          0          0
1655935789          0        213               0           13044          0          0          0          0
1655935800          0        421               0           25260          0          0          0          0
1655935810          2       5022             211          301854          0          0          0          0
1655935820          0        230               0           14064          0          0          0          0
1655935830          0        283               0           16980          0          0          0          0
1655935840          0        313               0           19572          0          0          0          0
1655935850          0        297               0           17820          0          0          0          0
1655935861          0        707               0           42420          0          0          0          0
1655935871          0        192               0           12312          0          0          0          0
1655935881          6        820             574           49408          0          0          0          0
1655935891          1        140              42            8400          0          0          0          0
1655935901          0        396               0           24552          0          0          0          0
1655935911          0        128               0            7680          0          0          0          0
1655935922          0        314               0           19104          0          0          0          0
1655935932          0        350               0           21528          0          0          0          0
1655935942         29        745           30278           45321          0          0          0          0
1655935952          0       1303               0           78444          0          0          0          0
1655935962          1        272              78           16874          0          0          0          0
1655935972          1        172              86           10338          0          0          0          0
1655935982          0        232               0           14448          0          0          0          0
1655935993          0        184               0           11304          0          0          0          0
1655936003          0        189               0           11340          0          0          0          0
1655936013          0        353               0           21708          0          0          0          0
1655936023          6       1240             574           74872          0          0          0          0
1655936033          1        547              42           32820          0          0          0          0
1655936043          0        375               0           23292          0          0          0          0
1655936054          1        153              78            9266          0          0          0          0
1655936064          1        414              86           24798          0          0          0          0
1655936074          0        396               0           24552          0          0          0          0
1655936084          0        417               0           25020          0          0          0          0
1655936094          0        164               0            9840          0          0          0          0
1655936104          0        314               0           19632          0          0          0          0
1655936115          0       1018               0           61080          0          0          0          0
1655936125         16        512            1778           31638          0          0          0          0
1655936135          1        289              42           18132          0          0          0          0
1655936145          0        271               0           16260          0          0          0          0
1655936155          2        684             164           41348          0          0          0          0
1655936165          0        105               0            6828          0          0          0          0
1655936175          0        656               0           39360          0          0          0          0
1655936186          0        113               0            7044          0          0          0          0
1655936196          0        277               0           17148          0          0          0          0
1655936206          0        277               0           16620          0          0          0          0
1655936216          0        147               0            9348          0          0          0          0
1655936227          0        447               0           27084          0          0          0          0
1655936237         61        777           36389           52112          0          0          0          0
1655936247          0        787               0           47748          0          0          0          0
1655936257          0       1116               0           67404          0          0          0          0
1655936267          0        659               0           39360          0          0          0          0
1655936277          1        728              66           44484          0          0          0          0
1655936287          1       1861              42          111660          0          0          0          0
1655936298          0       1587               0           95220          0          0          0          0
1655936308          1        262              78           16538          0          0          0          0
1655936318          1        658              86           39498          0          0          0          0
1655936328          6       1274             574           76648          0          0          0          0
1655936338          1        434              42           26832          0          0          0          0
1655936348          0       1611               0           96660          0          0          0          0
1655936358          1        988              78           59570          0          0          0          0
1655936369          1        616              86           37506          0          0          0          0
1655936379          0        443               0           26580          0          0          0          0
1655936389          0        938               0           56544          0          0          0          0
1655936399          0        776               0           47088          0          0          0          0
1655936409          2       3413             211          204786          0          0          0          0
1655936419          0        268               0           16344          0          0          0          0
1655936429          1        426              90           26118          0          0          0          0
1655936440          2        316             164           19004          0          0          0          0
1655936450          0       1499               0           90468          0          0          0          0
1655936460          0       2353               0          141444          0          0          0          0
1655936470          0       1885               0          113160          0          0          0          0
1655936480          0       1019               0           61608          0          0          0          0
1655936490          0        176               0           10824          0          0          0          0
1655936501          3        389             254           23414          0          0          0          0
1655936511          0        153               0            9972          0          0          0          0
1655936521          0        248               0           14880          0          0          0          0
1655936531          7        599             616           36148          0          0          0          0
1655936541         29        736           30445           45573          0          0          0          0
1655936551          0        844               0           50640          0          0          0          0
1655936561          1        259              90           15570          0          0          0          0
1655936572          0        169               0           10932          0          0          0          0
1655936582          0        200               0           12000          0          0          0          0
1655936592          0        182               0           11184          0          0          0          0
1655936602          0        206               0           12888          0          0          0          0
1655936612          0        333               0           19980          0          0          0          0
1655936622          2       1113             132           67074          0          0          0          0
1655936632          0        453               0           27708          0          0          0          0
1655936643          0        661               0           39660          0          0          0          0
1655936653          0        319               0           19404          0          0          0          0
1655936663          1        221              78           13814          0          0          0          0
1655936673          3        233             250           14042          0          0          0          0
1655936683          0        443               0           27108          0          0          0          0
1655936693          0        140               0            8664          0          0          0          0
1655936706          1        394              78           23666          0          0          0          0
1655936716          1        645              86           39510          0          0          0          0
1655936726          6        390             574           23608          0          0          0          0
1655936737          1        334              42           20040          0          0          0          0
1655936747          0        273               0           17172          0          0          0          0
1655936757          0        683               0           40980          0          0          0          0
1655936767          0        302               0           18384          0          0          0          0
1655936777          0        638               0           38808          0          0          0          0
1655936787          0        154               0            9240          0          0          0          0
1655936797          1        257              78           15710          0          0          0          0
1655936808          1        290              86           17946          0          0          0          0
1655936818          0        163               0            9780          0          0          0          0
1655936828          0        760               0           45864          0          0          0          0
1655936838         30        743           30572           45717          0          0          0          0
1655936848          0        669               0           40260          0          0          0          0
1655936858          0        575               0           34908          0          0          0          0
1655936869          0        124               0            7704          0          0          0          0
1655936879          0        185               0           11100          0          0          0          0
1655936889          0        139               0            8868          0          0          0          0
1655936899          0        222               0           13584          0          0          0          0
1655936909          0        220               0           13200          0          0          0          0
1655936919          2       1046             164           63656          0          0          0          0
1655936929          6        499             574           30088          0          0          0          0
1655936940          1        123              42            7380          0          0          0          0
1655936950          0        134               0            8832          0          0          0          0
1655936960          0        123               0            7380          0          0          0          0
1655936970          0        126               0            7560          0          0          0          0
1655936980          0        136               0            8952          0          0          0          0
1655936990          0        105               0            6300          0          0          0          0
1655937001          0        194               0           12144          0          0          0          0
1655937011          2       3931             212          236154          0          0          0          0
1655937021          0         97               0            5820          0          0          0          0
1655937031          0        478               0           28944          0          0          0          0
1655937041          0        134               0            8568          0          0          0          0
1655937051          0        131               0            7860          0          0          0          0
1655937062          0        161               0           10188          0          0          0          0
