      time tx_packets rx_packets        tx_bytes        rx_bytes  tx_errors tx_dropped rx_frame_errors rx_crc_errors
1655935344          0         15               0             900          0          0          0          0
1655935354         40        161            6215           30322          0          0          0          0
1655935365         12         97            1872            5888          0          0          0          0
1655935375          0         96               0            6552          0          0          0          0
1655935385         13        235             900           15618          0          0          0          0
1655935395         53        323            5920           75231          0          0          0          0
1655935405         28        407            3479           31737          0          0          0          0
1655935416          0        196               0           11760          0          0          0          0
1655935426          4       1016             270           61720          0          0          0          0
1655935436         13        529            1697           38676          0          0          0          0
1655935447         46        616            3678          243097          0          0          0          0
1655935457          0        235               0           14628          0          0          0          0
1655935467          0       1085               0           65364          0          0          0          0
1655935477          1        488              90           29310          0          0          0          0
1655935487          7        322             616           20056          0          0          0          0
1655935498          0        375               0           22764          0          0          0          0
1655935508          0        893               0           53580          0          0          0          0
1655935518          0        325               0           20028          0          0          0          0
1655935528          0        284               0           17304          0          0          0          0
1655935538          0        321               0           19260          0          0          0          0
1655935548          0        320               0           19992          0          0          0          0
1655935559          0        757               0           45480          0          0          0          0
1655935569          0        234               0           13980          0          0          0          0
1655935579          0        741               0           45252          0          0          0          0
1655935589          0        245               0           14700          0          0          0          0
1655935599          0        444               0           26666          0          0          0          0
1655935609          0        198               0           12672          0          0          0          0
1655935619          0        239               0           14520          0          0          0          0
1655935630          0        449               0           27024          0          0          0          0
1655935640         29        637           30143           39363          0          0          0          0
1655935650          0        824               0           49440          0          0          0          0
1655935660          0        609               0           36804          0          0          0          0
1655935670          0        176               0           11088          0          0          0          0
1655935680          6        314             574           19048          0          0          0          0
1655935690          1        246              42           15288          0          0          0          0
1655935701          0        244               0           14904          0          0          0          0
1655935711          1        282              78           16946          0          0          0          0
1655935721          1        894              86           54246          0          0          0          0
1655935731          0        286               0           17364          0          0          0          0
1655935741          0        725               0           43500          0          0          0          0
1655935751          0        185               0           11628          0          0          0          0
1655935762          0        440               0           26664          0          0          0          0
1655935772          0        993               0           59580          0          0          0          0
1655935785          0        574               0           35232          0          0          0          0
1655935796          0        343               0           20580          0          0          0          0
1655935806          1       4654             169          279510          0          0          0          0
1655935816          1        616              42           37488          0          0          0          0
1655935826          0        281               0           16860          0          0          0          0
1655935836          0        338               0           20808          0          0          0          0
1655935846          0        362               0           21984          0          0          0          0
1655935857          0        738               0           44280          0          0          0          0
1655935867          0        195               0           12228          0          0          0          0
1655935877          6        766             574           46492          0          0          0          0
1655935887          1        176              42           10500          0          0          0          0
1655935897          0        249               0           15732          0          0          0          0
1655935907          0        292               0           17520          0          0          0          0
1655935918          0        230               0           13800          0          0          0          0
1655935928          0        306               0           19152          0          0          0          0
1655935938         29        711           30321           43281          0          0          0          0
1655935948          0       1038               0           62400          0          0          0          0
1655935958          1        671              42           40932          0          0          0          0
1655935968          2        173             164           10424          0          0          0          0
1655935979          0        215               0           12900          0          0          0          0
1655935989          2        192             164           12416          0          0          0          0
1655935999          0        206               0           12300          0          0          0          0
1655936009          0        233               0           14244          0          0          0          0
1655936019          6       1150             574           69736          0          0          0          0
1655936029          1        487              42           29220          0          0          0          0
1655936040          0        647               0           39084          0          0          0          0
1655936050          0        128               0            8208          0          0          0          0
1655936060          0        316               0           18960          0          0          0          0
1655936078          0        921               0           56052          0          0          0          0
1655936088          0        114               0            6840          0          0          0          0
1655936098          0        303               0           18444          0          0          0          0
1655936108          0        802               0           48648          0          0          0          0
1655936118          0        529               0           31740          0          0          0          0
1655936129          7        521             616           31996          0          0          0          0
1655936139          0        199               0           12204          0          0          0          0
1655936149          0        220               0           13200          0          0          0          0
1655936159          0        665               0           40428          0          0          0          0
1655936169          0        135               0            8364          0          0          0          0
1655936179          0        623               0           37380          0          0          0          0
1655936190          0        155               0           10092          0          0          0          0
1655936200          0        397               0           23820          0          0          0          0
1655936210          0        116               0            6960          0          0          0          0
1655936220          0        233               0           14772          0          0          0          0
1655936230          0        528               0           31680          0          0          0          0
1655936240         62        798           36561           53450          0          0          0          0
1655936251          0       1067               0           64812          0          0          0          0
1655936261          0        960               0           57540          0          0          0          0
1655936271          0        591               0           35724          0          0          0          0
1655936281          1        713              66           43320          0          0          0          0
1655936291          1       3033              42          181980          0          0          0          0
1655936301          0        222               0           13584          0          0          0          0
1655936311          0        246               0           15288          0          0          0          0
1655936322          0       1524               0           91440          0          0          0          0
1655936332         15        422            1585           26502          0          0          0          0
1655936342          0        842               0           51048          0          0          0          0
1655936352          0       1773               0          106380          0          0          0          0
1655936362          0        449               0           27468          0          0          0          0
1655936372          0        578               0           34944          0          0          0          0
1655936383          0        616               0           36960          0          0          0          0
1655936393          0       1141               0           68988          0          0          0          0
1655936403          2       3021             211          181530          0          0          0          0
1655936413          0        794               0           47640          0          0          0          0
1655936423          2        268             164           16916          0          0          0          0
1655936433          0        414               0           24840          0          0          0          0
1655936443          0        840               0           50400          0          0          0          0
1655936454          2       1685             132          101922          0          0          0          0
1655936464          1       2242              78          134606          0          0          0          0
1655936474          1       1693              86          101658          0          0          0          0
1655936484          0        637               0           38892          0          0          0          0
1655936494          0        262               0           15720          0          0          0          0
1655936505          1        309              78           18830          0          0          0          0
1655936515          1        161              86           10206          0          0          0          0
1655936525          1        220              90           13230          0          0          0          0
1655936535         36       1043           31444           63667          0          0          0          0
1655936545          0        448               0           27408          0          0          0          0
1655936555          0        698               0           41880          0          0          0          0
1655936566          0        267               0           16548          0          0          0          0
1655936576          0        196               0           12024          0          0          0          0
1655936586          1        156              90            9390          0          0          0          0
1655936596          0        171               0           10788          0          0          0          0
1655936606          0        304               0           18504          0          0          0          0
1655936616          0        489               0           29340          0          0          0          0
1655936627          0       1151               0           69588          0          0          0          0
1655936637          0        481               0           29124          0          0          0          0
1655936647          1        479              90           28770          0          0          0          0
1655936657          0        275               0           17292          0          0          0          0
1655936667          0        243               0           14580          0          0          0          0
1655936677          0        408               0           24480          0          0          0          0
1655936687          0        152               0            9912          0          0          0          0
1655936698          0        272               0           16320          0          0          0          0
1655936708          0        744               0           44640          0          0          0          0
1655936718          0        236               0           14952          0          0          0          0
1655936728          7        390             652           23814          0          0          0          0
1655936738          1        244              86           14742          0          0          0          0
1655936748          0        263               0           16308          0          0          0          0
1655936759          0        822               0           49320          0          0          0          0
1655936769          0        156               0            9624          0          0          0          0
1655936779          0        640               0           38928          0          0          0          0
1655936789          0        162               0            9720          0          0          0          0
1655936799          2        406             164           24932          0          0          0          0
1655936809          0        135               0            8364          0          0          0          0
1655936820          0        251               0           15060          0          0          0          0
1655936830          0        809               0           49068          0          0          0          0
1655936840         29        621           30995           38133          0          0          0          0
1655936850          0        696               0           41760          0          0          0          0
1655936860          0        545               0           33492          0          0          0          0
1655936871          0        138               0            8280          0          0          0          0
1655936881          0        179               0           10740          0          0          0          0
1655936891          0        167               0           10812          0          0          0          0
1655936901          0        174               0           10440          0          0          0          0
1655936911          0        226               0           13560          0          0          0          0
1655936921          0       1187               0           72012          0          0          0          0
1655936931          7        357             616           21628          0          0          0          0
1655936942          0        120               0            7200          0          0          0          0
1655936952          0        141               0            9252          0          0          0          0
1655936962          0        118               0            7080          0          0          0          0
1655936972          0        129               0            8004          0          0          0          0
1655936982          0        127               0            8148          0          0          0          0
1655936993          0        109               0            6540          0          0          0          0
1655937003          2       4024             248          241736          0          0          0          0
1655937013          2         90             128            5946          0          0          0          0
1655937023          0         96               0            5760          0          0          0          0
1655937033          0        501               0           30588          0          0          0          0
1655937043          0        133               0            8244          0          0          0          0
1655937053          0        133               0            7980          0          0          0          0
1655937064          0        162               0           10248          0          0          0          0
