      time tx_packets rx_packets        tx_bytes        rx_bytes  tx_errors tx_dropped rx_frame_errors rx_crc_errors
1655935346         34         49            5287           23575          0          0          0          0
1655935356         15        125            2426            7584          0          0          0          0
1655935366          6        104             936            6544          0          0          0          0
1655935376          0        116               0            7488          0          0          0          0
1655935386         12        235             810           15588          0          0          0          0
1655935397         28        294            3502           30718          0          0          0          0
1655935407         34        388            4467           30337          0          0          0          0
1655935417          0        361               0           21660          0          0          0          0
1655935427         10        846             704           52060          0          0          0          0
1655935438         27        558            3472           46850          0          0          0          0
1655935448         19        468            1678           28308          0          0          0          0
1655935458          1        361              42           22188          0          0          0          0
1655935468          0        953               0           57444          0          0          0          0
1655935478          6        598             574           36088          0          0          0          0
1655935488          1        205              42           12828          0          0          0          0
1655935499          0        377               0           22884          0          0          0          0
1655935509          1        892              90           53550          0          0          0          0
1655935519          1        325              42           20292          0          0          0          0
1655935529          0        313               0           18780          0          0          0          0
1655935539          0        296               0           17760          0          0          0          0
1655935549          0        315               0           19692          0          0          0          0
1655935559          0        765               0           45900          0          0          0          0
1655935570          0        236               0           14160          0          0          0          0
1655935580          0        738               0           45072          0          0          0          0
1655935590          0        244               0           14640          0          0          0          0
1655935600          0        435               0           26390          0          0          0          0
1655935610          0        206               0           12888          0          0          0          0
1655935620          0        286               0           17160          0          0          0          0
1655935630          0        397               0           24084          0          0          0          0
1655935641         28        790           29514           48543          0          0          0          0
1655935651          0        766               0           46020          0          0          0          0
1655935661          0        518               0           31548          0          0          0          0
1655935671          0        171               0           10524          0          0          0          0
1655935681          6        317             574           19228          0          0          0          0
1655935691          1        251              42           15588          0          0          0          0
1655935701          0        238               0           14544          0          0          0          0
1655935713          0        311               0           18660          0          0          0          0
1655935723          0        934               0           56832          0          0          0          0
1655935733          0        402               0           24120          0          0          0          0
1655935743          0        558               0           33480          0          0          0          0
1655935753          0        248               0           15672          0          0          0          0
1655935763          0        513               0           30780          0          0          0          0
1655935774          1        864              90           51870          0          0          0          0
1655935784          3        514             210           31688          0          0          0          0
1655935795          1        256              86           15378          0          0          0          0
1655935805          1       4633             170          278370          0          0          0          0
1655935815          0        739               0           44748          0          0          0          0
1655935825          0        278               0           16680          0          0          0          0
1655935835          1        293              90           17874          0          0          0          0
1655935845          0        396               0           24288          0          0          0          0
1655935855          0        743               0           44580          0          0          0          0
1655935865          0        146               0            9288          0          0          0          0
1655935876          0        696               0           42024          0          0          0          0
1655935886          7        296             616           18028          0          0          0          0
1655935896          1        238              78           14774          0          0          0          0
1655935906          2        304             176           18552          0          0          0          0
1655935916          0        153               0            9180          0          0          0          0
1655935926          0        353               0           21708          0          0          0          0
1655935936         30        731           29757           44785          0          0          0          0
1655935947          1        927              86           55638          0          0          0          0
1655935957          0        661               0           40452          0          0          0          0
1655935967          3        298             242           17950          0          0          0          0
1655935977          3        231             250           13922          0          0          0          0
1655935987          0        187               0           12012          0          0          0          0
1655935997          0        194               0           11640          0          0          0          0
1655936007          0        242               0           14520          0          0          0          0
1655936018          0        527               0           32472          0          0          0          0
1655936028          6       1092             574           65668          0          0          0          0
1655936038          2        455             132           27594          0          0          0          0
1655936048          0        333               0           20508          0          0          0          0
1655936058          0        323               0           19380          0          0          0          0
1655936068          0        527               0           31884          0          0          0          0
1655936078          0        422               0           25848          0          0          0          0
1655936089          0        108               0            6480          0          0          0          0
1655936099          0        310               0           19128          0          0          0          0
1655936109          0        796               0           48024          0          0          0          0
1655936119          0        588               0           35280          0          0          0          0
1655936129          7        460             616           28336          0          0          0          0
1655936139          0        200               0           12264          0          0          0          0
1655936149          0        217               0           13020          0          0          0          0
1655936160          3        672             242           40918          0          0          0          0
1655936170          0        131               0            8124          0          0          0          0
1655936180          0        625               0           37500          0          0          0          0
1655936190          0        154               0           10032          0          0          0          0
1655936200          0        402               0           24120          0          0          0          0
1655936210          0        112               0            6720          0          0          0          0
1655936220          0        234               0           14832          0          0          0          0
1655936231          0        525               0           31500          0          0          0          0
1655936241         28        818           29685           49689          0          0          0          0
1655936251          0       1149               0           69732          0          0          0          0
1655936261          0        825               0           49500          0          0          0          0
1655936271         32        666            6025           45113          0          0          0          0
1655936281          0        667               0           40548          0          0          0          0
1655936291          0       3033               0          181980          0          0          0          0
1655936305          1        385              90           23658          0          0          0          0
1655936315          3        419             206           25448          0          0          0          0
1655936325          6       1316             574           79168          0          0          0          0
1655936335          3        631             150           38718          0          0          0          0
1655936346          0       1107               0           66540          0          0          0          0
1655936356          0       1303               0           78000          0          0          0          0
1655936366          0        760               0           46392          0          0          0          0
1655936376          1        372              42           22740          0          0          0          0
1655936386          0        843               0           50160          0          0          0          0
1655936396          2        929             108           56538          0          0          0          0
1655936406          1       3183             170          191046          0          0          0          0
1655936417          0        440               0           26604          0          0          0          0
1655936427          0        408               0           25008          0          0          0          0
1655936437          0        322               0           19320          0          0          0          0
1655936447          2       1297             108           78090          0          0          0          0
1655936457          0       2159               0          130068          0          0          0          0
1655936467          0       1745               0          104700          0          0          0          0
1655936477          0       1638               0           98544          0          0          0          0
1655936487          0        193               0           12108          0          0          0          0
1655936498          0        259               0           15540          0          0          0          0
1655936508          1        303              66           18714          0          0          0          0
1655936518          1        160              42            9864          0          0          0          0
1655936528          6        544             574           32848          0          0          0          0
1655936538         30        730           29875           44943          0          0          0          0
1655936548          0        711               0           42924          0          0          0          0
1655936558          0        545               0           32700          0          0          0          0
1655936569          3        147             198            9624          0          0          0          0
1655936579          1        189              42           11340          0          0          0          0
1655936589          0        173               0           10380          0          0          0          0
1655936599          0        220               0           13992          0          0          0          0
1655936609          0        244               0           14640          0          0          0          0
1655936619          0       1033               0           61980          0          0          0          0
1655936629          0        641               0           39252          0          0          0          0
1655936640          0        510               0           30600          0          0          0          0
1655936650          0        413               0           24780          0          0          0          0
1655936660          0        272               0           17112          0          0          0          0
1655936670          0        234               0           14040          0          0          0          0
1655936680          0        438               0           26544          0          0          0          0
1655936690          0        157               0            9948          0          0          0          0
1655936700          0        236               0           14160          0          0          0          0
1655936710          1        746              78           45050          0          0          0          0
1655936721          2        241             164           15032          0          0          0          0
1655936731          9        428             744           25906          0          0          0          0
1655936741          0        286               0           17688          0          0          0          0
1655936751          0        189               0           11604          0          0          0          0
1655936761          1        817              78           49046          0          0          0          0
1655936771          1        159              86           10086          0          0          0          0
1655936781          0        674               0           40704          0          0          0          0
1655936792          0        134               0            8040          0          0          0          0
1655936802          0        417               0           25548          0          0          0          0
1655936812          2        127             164            7928          0          0          0          0
1655936822          0        238               0           14280          0          0          0          0
1655936832          1        861              90           52482          0          0          0          0
1655936842         30        784           29955           47661          0          0          0          0
1655936852          0        762               0           45720          0          0          0          0
1655936863          0        262               0           16512          0          0          0          0
1655936873          1        141              78            8486          0          0          0          0
1655936883          1        179              86           10758          0          0          0          0
1655936893          0        172               0           11112          0          0          0          0
1655936903          1        183              78           11006          0          0          0          0
1655936913          1        344              86           20922          0          0          0          0
1655936923          0       1122               0           67848          0          0          0          0
1655936934          9        301             780           18312          0          0          0          0
1655936944          0        116               0            7224          0          0          0          0
1655936954          0        141               0            8988          0          0          0          0
1655936964          1        110              90            6630          0          0          0          0
1655936974          0        150               0            9528          0          0          0          0
1655936984          0        121               0            7524          0          0          0          0
1655936995          0         97               0            5820          0          0          0          0
1655937005          1       4030             168          242334          0          0          0          0
1655937015          1         80              42            5064          0          0          0          0
1655937025          1        114              90            6870          0          0          0          0
1655937035          0        491               0           29988          0          0          0          0
1655937045          0        130               0            8064          0          0          0          0
1655937055          0        138               0            8280          0          0          0          0
1655937066          0        164               0           10632          0          0          0          0
