      time tx_packets rx_packets        tx_bytes        rx_bytes  tx_errors tx_dropped rx_frame_errors rx_crc_errors
1655935346         34         49            5287           23575          0          0          0          0
1655935356          9        121            1498            7311          0          0          0          0
1655935366         12        103            1872            6254          0          0          0          0
1655935376          0        119               0            7932          0          0          0          0
1655935386         12        232             810           15408          0          0          0          0
1655935396         28        295            3502           30778          0          0          0          0
1655935406         34        389            4003           30405          0          0          0          0
1655935417          0        359               0           21540          0          0          0          0
1655935427          4        841             270           51220          0          0          0          0
1655935437         13        532            1697           38856          0          0          0          0
1655935447          2        451             120           27086          0          0          0          0
1655935457         11        291            1022           18228          0          0          0          0
1655935467          0       1039               0           62544          0          0          0          0
1655935478          6        576             574           34768          0          0          0          0
1655935488          1        228              42           14208          0          0          0          0
1655935498          0        378               0           22944          0          0          0          0
1655935508          0        890               0           53400          0          0          0          0
1655935518          0        326               0           20352          0          0          0          0
1655935528          0        315               0           18900          0          0          0          0
1655935538          0        289               0           17340          0          0          0          0
1655935549          0        319               0           19932          0          0          0          0
1655935559          0        758               0           45480          0          0          0          0
1655935569          0        235               0           14100          0          0          0          0
1655935579          0        740               0           45192          0          0          0          0
1655935589          0        242               0           14520          0          0          0          0
1655935599          0        445               0           26726          0          0          0          0
1655935609          0        202               0           12912          0          0          0          0
1655935620          0        283               0           16980          0          0          0          0
1655935630          0        401               0           24324          0          0          0          0
1655935640         28        706           29525           43503          0          0          0          0
1655935650          0        757               0           45420          0          0          0          0
1655935660          0        609               0           36804          0          0          0          0
1655935670          0        173               0           10908          0          0          0          0
1655935680          6        316             574           19168          0          0          0          0
1655935695          1        330              42           20592          0          0          0          0
1655935705          0        340               0           20400          0          0          0          0
1655935715          0        196               0           11760          0          0          0          0
1655935726          0        960               0           58392          0          0          0          0
1655935736          1        520              42           31200          0          0          0          0
1655935747          0        436               0           26424          0          0          0          0
1655935757          0        262               0           16248          0          0          0          0
1655935767          0       1080               0           64800          0          0          0          0
1655935777          0        574               0           34704          0          0          0          0
1655935792          0        323               0           19908          0          0          0          0
1655935803          1       4673             170          280386          0          0          0          0
1655935813          1        743              42           45372          0          0          0          0
1655935823          0        244               0           14640          0          0          0          0
1655935833          0        304               0           18504          0          0          0          0
1655935843          0        397               0           24348          0          0          0          0
1655935853          0        397               0           23820          0          0          0          0
1655935863          0        522               0           31584          0          0          0          0
1655935874          2        244             132           15198          0          0          0          0
1655935884          9        745             780           44952          0          0          0          0
1655935894          1        174              78           10790          0          0          0          0
1655935904          1        372              86           22806          0          0          0          0
1655935914          0        153               0            9180          0          0          0          0
1655935924          0        274               0           16968          0          0          0          0
1655935934          0        655               0           39564          0          0          0          0
1655935945         28        952           29533           57741          0          0          0          0
1655935955          0        797               0           48348          0          0          0          0
1655935965          0        283               0           17304          0          0          0          0
1655935975          0        189               0           11280          0          0          0          0
1655935985          0        214               0           13632          0          0          0          0
1655935995          1        169              78           10166          0          0          0          0
1655936005          1        295              86           17718          0          0          0          0
1655936016          0        283               0           17832          0          0          0          0
1655936026          7       1318             616           79228          0          0          0          0
1655936036          2        462             164           27764          0          0          0          0
1655936046          0        334               0           20832          0          0          0          0
1655936056          0        182               0           10920          0          0          0          0
1655936066          0        672               0           40320          0          0          0          0
1655936076          0        392               0           24312          0          0          0          0
1655936087          0        149               0            8940          0          0          0          0
1655936097          0        247               0           15084          0          0          0          0
1655936107          0        807               0           49188          0          0          0          0
1655936117          0        451               0           26820          0          0          0          0
1655936127          7        515             616           31372          0          0          0          0
1655936137          0        305               0           18828          0          0          0          0
1655936147          1        241              78           14486          0          0          0          0
1655936158          1        665              86           40446          0          0          0          0
1655936168          0        139               0            8604          0          0          0          0
1655936178          0        626               0           37560          0          0          0          0
1655936188          0        129               0            8268          0          0          0          0
1655936198          0        385               0           23424          0          0          0          0
1655936208          0        152               0            9060          0          0          0          0
1655936219          0        148               0            9672          0          0          0          0
1655936229          0        610               0           36600          0          0          0          0
1655936239         28        658           29623           40083          0          0          0          0
1655936249          0       1105               0           67092          0          0          0          0
1655936259          0        953               0           57180          0          0          0          0
1655936270         32        626            6025           42449          0          0          0          0
1655936280          0        685               0           41892          0          0          0          0
1655936290          1       2823              90          169410          0          0          0          0
1655936300          0        523               0           31644          0          0          0          0
1655936310          0        234               0           14568          0          0          0          0
1655936320          0       1460               0           87660          0          0          0          0
1655936330          8        492             682           29938          0          0          0          0
1655936341          1        632              42           38448          0          0          0          0
1655936351          0       1951               0          117120          0          0          0          0
1655936361          1        467              90           28254          0          0          0          0
1655936371          0        596               0           36288          0          0          0          0
1655936381          0        492               0           29520          0          0          0          0
1655936391          2       1105             108           66834          0          0          0          0
1655936401          0       2809             170          169770          0          0          0          0
1655936412          2       1165              90           68970          0          0          0          0
1655936422          1        268              90           16638          0          0          0          0
1655936432          0        419               0           25404          0          0          0          0
1655936442          0        621               0           37260          0          0          0          0
1655936452          2       1543             108           93378          0          0          0          0
1655936462          0       2321               0          139260          0          0          0          0
1655936472          0       1839               0          110340          0          0          0          0
1655936483          0        753               0           45972          0          0          0          0
1655936493          0        172               0           10320          0          0          0          0
1655936503          0        408               0           24480          0          0          0          0
1655936513          2        168             108           10878          0          0          0          0
1655936523          0        214               0           12840          0          0          0          0
1655936534          7        629             616           38212          0          0          0          0
1655936544         29        805           29781           49469          0          0          0          0
1655936554          1        748              86           44898          0          0          0          0
1655936564          0        261               0           15924          0          0          0          0
1655936574          3        188             174           11814          0          0          0          0
1655936584          0        178               0           10680          0          0          0          0
1655936594          0        179               0           11004          0          0          0          0
1655936605          0        305               0           18828          0          0          0          0
1655936615          0        460               0           28016          0          0          0          0
1655936625          0       1052               0           63888          0          0          0          0
1655936635          0        608               0           36504          0          0          0          0
1655936646          1        426              42           25560          0          0          0          0
1655936656          0        325               0           20028          0          0          0          0
1655936666          0        259               0           15804          0          0          0          0
1655936676          0        289               0           17460          0          0          0          0
1655936686          0        271               0           16932          0          0          0          0
1655936696          4        230             328           13888          0          0          0          0
1655936706          0        498               0           30120          0          0          0          0
1655936717          0        421               0           25812          0          0          0          0
1655936727          6        397             574           24028          0          0          0          0
1655936737          4        330             292           19844          0          0          0          0
1655936747          0        279               0           17532          0          0          0          0
1655936757          0        681               0           40860          0          0          0          0
1655936767          0        301               0           18324          0          0          0          0
1655936777          1        636              78           38714          0          0          0          0
1655936788          1        157              86            9438          0          0          0          0
1655936798          0        257               0           15684          0          0          0          0
1655936808          0        288               0           17808          0          0          0          0
1655936818          2        165             164            9944          0          0          0          0
1655936828          0        774               0           46968          0          0          0          0
1655936838         29        729           29850           44613          0          0          0          0
1655936849          2        712             164           42824          0          0          0          0
1655936859          0        536               0           32628          0          0          0          0
1655936869          0        121               0            7524          0          0          0          0
1655936879          0        188               0           11280          0          0          0          0
1655936889          0        139               0            8868          0          0          0          0
1655936899          0        219               0           13404          0          0          0          0
1655936910          0        225               0           13500          0          0          0          0
1655936920          2       1046             164           63596          0          0          0          0
1655936930          8        496             706           29998          0          0          0          0
1655936940          1        123              42            7380          0          0          0          0
1655936950          0        142               0            9312          0          0          0          0
1655936961          0        122               0            7320          0          0          0          0
1655936971          0        133               0            8244          0          0          0          0
1655936981          0        133               0            8508          0          0          0          0
1655936992          0        104               0            6240          0          0          0          0
1655937002          1       4024             170          241710          0          0          0          0
1655937012          1         96              42            6288          0          0          0          0
1655937022          0         94               0            5640          0          0          0          0
1655937032          0        493               0           29844          0          0          0          0
1655937042          0        138               0            8808          0          0          0          0
1655937052          0        132               0            7920          0          0          0          0
1655937063          0        158               0           10008          0          0          0          0
