      time tx_packets rx_packets        tx_bytes        rx_bytes  tx_errors tx_dropped rx_frame_errors rx_crc_errors
1655935344          0         15               0             900          0          0          0          0
1655935354         34        158            5287           30109          0          0          0          0
1655935364         12         99            1872            6008          0          0          0          0
1655935375          6         98             936            6706          0          0          0          0
1655935385          0        219               0           13140          0          0          0          0
1655935395         13        269             852           17628          0          0          0          0
1655935405         40        422            5157           45337          0          0          0          0
1655935416         24        207            2164           12666          0          0          0          0
1655935426          0       1023               0           61644          0          0          0          0
1655935436          1        516              78           31514          0          0          0          0
1655935446          1        450              86           27018          0          0          0          0
1655935457          0        235               0           14364          0          0          0          0
1655935467          0       1086               0           65688          0          0          0          0
1655935477          1        490              78           29426          0          0          0          0
1655935487          7        322             616           20056          0          0          0          0
1655935497          0        372               0           22584          0          0          0          0
1655935508          0        888               0           53340          0          0          0          0
1655935518          1        324              78           20114          0          0          0          0
1655935528          1        257              86           15522          0          0          0          0
1655935538          0        356               0           21360          0          0          0          0
1655935548          0        322               0           20112          0          0          0          0
1655935558          1        758              78           45506          0          0          0          0
1655935568          0        233               0           13980          0          0          0          0
1655935579          0        742               0           45312          0          0          0          0
1655935589          0        240               0           14400          0          0          0          0
1655935599          4        452             332           27246          0          0          0          0
1655935609          0        197               0           12612          0          0          0          0
1655935619          0        198               0           11880          0          0          0          0
1655935629          0        487               0           29484          0          0          0          0
1655935639         30        634           29949           39215          0          0          0          0
1655935649          0        834               0           50040          0          0          0          0
1655935660          1        605              90           36594          0          0          0          0
1655935670          0        162               0           10248          0          0          0          0
1655935680          6        332             574           20128          0          0          0          0
1655935690          1        208              42           12804          0          0          0          0
1655935700          0        279               0           17208          0          0          0          0
1655935710          2        278             168           16736          0          0          0          0
1655935720          2        869             128           52686          0          0          0          0
1655935731          1        316              90           19254          0          0          0          0
1655935741          0        718               0           43080          0          0          0          0
1655935751          0        200               0           12528          0          0          0          0
1655935761          0        439               0           26604          0          0          0          0
1655935772          0        992               0           59520          0          0          0          0
1655935782          0        515               0           31692          0          0          0          0
1655935792          0        206               0           12360          0          0          0          0
1655935802          2       4680             211          280806          0          0          0          0
1655935812          1        745              42           45492          0          0          0          0
1655935822          0        242               0           14520          0          0          0          0
1655935832          0        276               0           16560          0          0          0          0
1655935843          0        395               0           24492          0          0          0          0
1655935853          0        287               0           17340          0          0          0          0
1655935863          0        655               0           39444          0          0          0          0
1655935873          0        192               0           12048          0          0          0          0
1655935883          7        799             616           48148          0          0          0          0
1655935893          0        136               0            8424          0          0          0          0
1655935903          2        408             164           25052          0          0          0          0
1655935914          0        157               0            9420          0          0          0          0
1655935924          0        275               0           17028          0          0          0          0
1655935934          0        400               0           24264          0          0          0          0
1655935944         29        790           29962           48021          0          0          0          0
1655935954          0       1212               0           73248          0          0          0          0
1655935964          0        277               0           16884          0          0          0          0
1655935974          0        193               0           11580          0          0          0          0
1655935984          0        213               0           13308          0          0          0          0
1655935995          0        167               0           10284          0          0          0          0
1655936005          0        297               0           17820          0          0          0          0
1655936015          0        283               0           17772          0          0          0          0
1655936025          7       1318             616           79288          0          0          0          0
1655936035          0        445               0           26700          0          0          0          0
1655936045          0        355               0           22092          0          0          0          0
1655936055          0        163               0            9780          0          0          0          0
1655936066          0        488               0           29280          0          0          0          0
1655936077          0        601               0           36852          0          0          0          0
1655936087          0        146               0            8760          0          0          0          0
1655936097          0        247               0           15084          0          0          0          0
1655936107          0        852               0           51648          0          0          0          0
1655936117          0        408               0           24480          0          0          0          0
1655936127          7        515             616           31372          0          0          0          0
1655936137          0        303               0           18708          0          0          0          0
1655936148          0        239               0           14340          0          0          0          0
1655936158          0        664               0           40368          0          0          0          0
1655936168          0        140               0            8664          0          0          0          0
1655936178          0        625               0           37500          0          0          0          0
1655936188          0        129               0            8268          0          0          0          0
1655936198          0        406               0           24624          0          0          0          0
1655936208          0        131               0            7860          0          0          0          0
1655936219          0        149               0            9732          0          0          0          0
1655936229          0        605               0           36300          0          0          0          0
1655936239         61        693           36070           47102          0          0          0          0
1655936249          0       1063               0           64632          0          0          0          0
1655936259          0        997               0           59820          0          0          0          0
1655936269          0        561               0           33600          0          0          0          0
1655936279          1        696              66           42564          0          0          0          0
1655936290          1       2711              42          162720          0          0          0          0
1655936300          0        658               0           39420          0          0          0          0
1655936312          0        371               0           23052          0          0          0          0
1655936323          0       1456               0           87360          0          0          0          0
1655936333         15        695            1585           43146          0          0          0          0
1655936343          0        834               0           50304          0          0          0          0
1655936354          0       1546               0           92760          0          0          0          0
1655936364          0        542               0           33048          0          0          0          0
1655936374          0        442               0           26784          0          0          0          0
1655936384          0        859               0           51540          0          0          0          0
1655936394          0       1011               0           61452          0          0          0          0
1655936404          2       2896             211          173766          0          0          0          0
1655936414          0        809               0           48540          0          0          0          0
1655936425          0        280               0           17592          0          0          0          0
1655936435          0        416               0           24960          0          0          0          0
1655936445          0       1004               0           60240          0          0          0          0
1655936455          0       2198               0          132672          0          0          0          0
1655936465          0       1661               0           99720          0          0          0          0
1655936475          0       1993               0          119844          0          0          0          0
1655936485          0        204               0           12708          0          0          0          0
1655936496          0        260               0           15600          0          0          0          0
1655936506          0        314               0           19104          0          0          0          0
1655936516          0        164               0           10368          0          0          0          0
1655936526          6        492             574           29728          0          0          0          0
1655936536         30        773           30168           47265          0          0          0          0
1655936546          0        444               0           27168          0          0          0          0
1655936556          0        689               0           41340          0          0          0          0
1655936567          0        272               0           16848          0          0          0          0
1655936577          0        196               0           12024          0          0          0          0
1655936587          0        163               0            9780          0          0          0          0
1655936597          0        185               0           11628          0          0          0          0
1655936607          0        278               0           16944          0          0          0          0
1655936617          0        631               0           37860          0          0          0          0
1655936627          0       1011               0           61452          0          0          0          0
1655936638          0        479               0           28740          0          0          0          0
1655936648          0        479               0           28740          0          0          0          0
1655936658          0        273               0           17172          0          0          0          0
1655936668          0        238               0           14280          0          0          0          0
1655936678          0        438               0           26280          0          0          0          0
1655936688          0        130               0            8592          0          0          0          0
1655936698          0        268               0           16080          0          0          0          0
1655936708          0        744               0           44904          0          0          0          0
1655936719          0        238               0           14808          0          0          0          0
1655936729          6        416             574           25168          0          0          0          0
1655936739          1        212              42           12984          0          0          0          0
1655936749          0        265               0           16428          0          0          0          0
1655936759          2        821             132           49290          0          0          0          0
1655936769          0        156               0            9624          0          0          0          0
1655936779          1        653              78           39734          0          0          0          0
1655936790          2        159             128            9558          0          0          0          0
1655936800          0        398               0           24408          0          0          0          0
1655936810          1        136              90            8454          0          0          0          0
1655936820          2        250             164           15044          0          0          0          0
1655936830          0        818               0           49608          0          0          0          0
1655936840         31        676           30372           41477          0          0          0          0
1655936851          0        696               0           41760          0          0          0          0
1655936861          0        484               0           29832          0          0          0          0
1655936871          0        139               0            8340          0          0          0          0
1655936881          1        179              90           10770          0          0          0          0
1655936891          0        170               0           10992          0          0          0          0
1655936901          0        168               0           10080          0          0          0          0
1655936912          2        249             164           14984          0          0          0          0
1655936922          0       1189               0           72132          0          0          0          0
1655936932          7        335             616           20308          0          0          0          0
1655936942          1        123              90            7674          0          0          0          0
1655936952          0        140               0            8928          0          0          0          0
1655936962          0        117               0            7020          0          0          0          0
1655936972          0        132               0            8184          0          0          0          0
1655936983          0        123               0            7908          0          0          0          0
1655936993          0        109               0            6540          0          0          0          0
1655937003          1       4026             169          241830          0          0          0          0
1655937013          1         86              42            5688          0          0          0          0
1655937023          0         97               0            5820          0          0          0          0
1655937033          0        499               0           30468          0          0          0          0
1655937043          0        135               0            8364          0          0          0          0
1655937054          0        134               0            8040          0          0          0          0
1655937064          0        161               0           10188          0          0          0          0
