      time tx_packets rx_packets        tx_bytes        rx_bytes  tx_errors tx_dropped rx_frame_errors rx_crc_errors
1655935345         34         52            5287           23755          0          0          0          0
1655935356         16        126            2468            7644          0          0          0          0
1655935366          9         99            1134            5986          0          0          0          0
1655935376          0        119               0            7932          0          0          0          0
1655935386          8        230             540           14792          0          0          0          0
1655935396         31        279            3730           30314          0          0          0          0
1655935406         27        400            3853           31015          0          0          0          0
1655935417          8        345             656           21162          0          0          0          0
1655935427         10        865             704           52780          0          0          0          0
1655935437         26        543            3394           45924          0          0          0          0
1655935447         18        469            1628           28376          0          0          0          0
1655935457          1        245              86           15246          0          0          0          0
1655935467          0       1075               0           64764          0          0          0          0
1655935477          7        568             616           34288          0          0          0          0
1655935488          0        235               0           14628          0          0          0          0
1655935498          0        375               0           22764          0          0          0          0
1655935508          0        891               0           53460          0          0          0          0
1655935518          1        328              78           20498          0          0          0          0
1655935528          1        316              86           18978          0          0          0          0
1655935538          0        288               0           17280          0          0          0          0
1655935548          0        320               0           20052          0          0          0          0
1655935559          0        759               0           45480          0          0          0          0
1655935569          0        234               0           14040          0          0          0          0
1655935579          0        741               0           45252          0          0          0          0
1655935589          4        248             320           14976          0          0          0          0
1655935599          1        444              90           26696          0          0          0          0
1655935609          1        202              86           12938          0          0          0          0
1655935620          3        286             250           17222          0          0          0          0
1655935630          0        403               0           24444          0          0          0          0
1655935640         28        656           29188           40497          0          0          0          0
1655935650          0        805               0           48300          0          0          0          0
1655935660          0        610               0           36864          0          0          0          0
1655935670          1        175              90           11058          0          0          0          0
1655935680          6        315             574           19108          0          0          0          0
1655935691          1        246              42           15288          0          0          0          0
1655935701          0        243               0           14844          0          0          0          0
1655935711          0        282               0           16920          0          0          0          0
1655935722          0        931               0           56388          0          0          0          0
1655935732          1        259              90           15834          0          0          0          0
1655935742          0        720               0           43200          0          0          0          0
1655935752          0        194               0           12432          0          0          0          0
1655935762          0        447               0           26820          0          0          0          0
1655935772          0        982               0           58920          0          0          0          0
1655935782          0        522               0           32112          0          0          0          0
1655935793          0        201               0           12060          0          0          0          0
1655935803          1       4672             169          280326          0          0          0          0
1655935813          1        743              42           45372          0          0          0          0
1655935823          0        243               0           14580          0          0          0          0
1655935833          0        303               0           18444          0          0          0          0
1655935843          0        416               0           25488          0          0          0          0
1655935854          0        378               0           22680          0          0          0          0
1655935864          0        523               0           31644          0          0          0          0
1655935874          0        263               0           16308          0          0          0          0
1655935884          7        724             616           43648          0          0          0          0
1655935894          0        243               0           14844          0          0          0          0
1655935904          0        302               0           18648          0          0          0          0
1655935914          0        157               0            9420          0          0          0          0
1655935925          0        270               0           16728          0          0          0          0
1655935935         29        805           29518           49211          0          0          0          0
1655935945          1        804              86           48258          0          0          0          0
1655935955          0        795               0           48228          0          0          0          0
1655935965          0        285               0           17364          0          0          0          0
1655935975          2        225             132           13530          0          0          0          0
1655935985          0        182               0           11712          0          0          0          0
1655935996          0        164               0            9840          0          0          0          0
1655936006          0        296               0           17760          0          0          0          0
1655936016          0        284               0           17832          0          0          0          0
1655936026          7       1319             616           79408          0          0          0          0
1655936036          0        462               0           27660          0          0          0          0
1655936046          0        337               0           21132          0          0          0          0
1655936057          0        175               0           10380          0          0          0          0
1655936069          0        698               0           42144          0          0          0          0
1655936079          3        423             242           25978          0          0          0          0
1655936089          0        146               0            8760          0          0          0          0
1655936100          0        316               0           19488          0          0          0          0
1655936110          0        764               0           46104          0          0          0          0
1655936120          0        583               0           35040          0          0          0          0
1655936130          7        457             616           28096          0          0          0          0
1655936140          0        201               0           12384          0          0          0          0
1655936150          0        217               0           12960          0          0          0          0
1655936161          0        669               0           40932          0          0          0          0
1655936171          3        134             242            8110          0          0          0          0
1655936181          1        646              86           38778          0          0          0          0
1655936191          1        147              42            9612          0          0          0          0
1655936201          1        400              78           24146          0          0          0          0
1655936211          1        103              86            6078          0          0          0          0
1655936221          0        235               0           14892          0          0          0          0
1655936232          2        522             164           31364          0          0          0          0
1655936242         28        948           29526           57759          0          0          0          0
1655936252         32       1245            6025           80117          0          0          0          0
1655936262          1        708              78           42506          0          0          0          0
1655936272          1        571              86           34542          0          0          0          0
1655936282          1        716              66           43500          0          0          0          0
1655936293          1       2982              42          178920          0          0          0          0
1655936303          2        241             164           14768          0          0          0          0
1655936313          0        327               0           20148          0          0          0          0
1655936323          0       1441               0           86460          0          0          0          0
1655936333          8        683             694           41802          0          0          0          0
1655936343          1        831              86           50142          0          0          0          0
1655936353          0       1554               0           93240          0          0          0          0
1655936364          0        543               0           33048          0          0          0          0
1655936374          0        443               0           26844          0          0          0          0
1655936384          0        862               0           51720          0          0          0          0
1655936394          0       1008               0           61272          0          0          0          0
1655936404          2       2896             211          173766          0          0          0          0
1655936414          0        809               0           48540          0          0          0          0
1655936425          0        280               0           17592          0          0          0          0
1655936435          0        416               0           24960          0          0          0          0
1655936445          0       1004               0           60240          0          0          0          0
1655936455          0       2210               0          133512          0          0          0          0
1655936465          0       1662               0           99600          0          0          0          0
1655936475          2       1984             164          119348          0          0          0          0
1655936486          0        204               0           12768          0          0          0          0
1655936496          0        258               0           15480          0          0          0          0
1655936506          0        314               0           19104          0          0          0          0
1655936516          0        164               0           10368          0          0          0          0
1655936526          6        495             574           29908          0          0          0          0
1655936536         29        768           29648           46953          0          0          0          0
1655936546          1        447              78           27374          0          0          0          0
1655936557          1        690              86           41418          0          0          0          0
1655936567          0        272               0           16848          0          0          0          0
1655936577          0        199               0           12204          0          0          0          0
1655936587          0        165               0            9900          0          0          0          0
1655936597          0        210               0           13128          0          0          0          0
1655936607          0        248               0           15144          0          0          0          0
1655936618          0        630               0           37800          0          0          0          0
1655936628          0       1025               0           62292          0          0          0          0
1655936638          0        468               0           28080          0          0          0          0
1655936648          0        477               0           28620          0          0          0          0
1655936658          0        277               0           17412          0          0          0          0
1655936668          0        234               0           14040          0          0          0          0
1655936678          0        438               0           26280          0          0          0          0
1655936689          0        132               0            8712          0          0          0          0
1655936699          0        268               0           16080          0          0          0          0
1655936709          0        743               0           44844          0          0          0          0
1655936719          0        239               0           14868          0          0          0          0
1655936729          6        415             574           25108          0          0          0          0
1655936740          1        218              42           13344          0          0          0          0
1655936750          0        268               0           16608          0          0          0          0
1655936760          0        813               0           48780          0          0          0          0
1655936770          2        163             168           10364          0          0          0          0
1655936780          1        677              86           40902          0          0          0          0
1655936790          0        135               0            8100          0          0          0          0
1655936801          2        407             164           24992          0          0          0          0
1655936811          0        128               0            7944          0          0          0          0
1655936821          0        248               0           14880          0          0          0          0
1655936831          1        824              90           49998          0          0          0          0
1655936841         28        764           29686           46713          0          0          0          0
1655936851          0        812               0           48720          0          0          0          0
1655936862          0        270               0           16992          0          0          0          0
1655936872          2        141             164            8504          0          0          0          0
1655936882          0        174               0           10440          0          0          0          0
1655936892          1        177              90           11442          0          0          0          0
1655936902          0        183               0           10980          0          0          0          0
1655936912          0        330               0           19800          0          0          0          0
1655936922          0       1111               0           67452          0          0          0          0
1655936933          7        318             616           19288          0          0          0          0
1655936943          0        116               0            7224          0          0          0          0
1655936953          0        143               0            9108          0          0          0          0
1655936963          0        114               0            6840          0          0          0          0
1655936973          0        139               0            8604          0          0          0          0
1655936984          0        126               0            8088          0          0          0          0
1655936994          0        101               0            6060          0          0          0          0
1655937004          2       4032             211          242454          0          0          0          0
1655937014          0         80               0            5064          0          0          0          0
1655937024          0         99               0            5940          0          0          0          0
1655937034          1        502              90           30678          0          0          0          0
1655937045          0        134               0            8304          0          0          0          0
1655937055          0        137               0            8220          0          0          0          0
1655937065          0        163               0           10572          0          0          0          0
