      time tx_packets rx_packets        tx_bytes        rx_bytes  tx_errors tx_dropped rx_frame_errors rx_crc_errors
1655935345         34         53            5287           23815          0          0          0          0
1655935355          9        121            1498            7311          0          0          0          0
1655935366         12        100            1872            6068          0          0          0          0
1655935376          0        118               0            7872          0          0          0          0
1655935386         12        226             810           15048          0          0          0          0
1655935396          1        253              42           15444          0          0          0          0
1655935406         65        441            7387           46461          0          0          0          0
1655935416          1        234              78           14126          0          0          0          0
1655935427          1        965              86           58122          0          0          0          0
1655935437          2        518             164           31652          0          0          0          0
1655935448          0        473               0           28380          0          0          0          0
1655935458          1        363              78           22334          0          0          0          0
1655935469          0        962               0           57984          0          0          0          0
1655935479          8        613             682           36994          0          0          0          0
1655935489          0        186               0           11952          0          0          0          0
1655935499          2        393             164           23624          0          0          0          0
1655935509          0        881               0           52860          0          0          0          0
1655935519          0        322               0           20112          0          0          0          0
1655935530          0        317               0           19020          0          0          0          0
1655935540          1        298              78           17906          0          0          0          0
1655935550          0        313               0           19572          0          0          0          0
1655935560          0        767               0           46020          0          0          0          0
1655935570          0        235               0           14100          0          0          0          0
1655935580          2        762             164           46556          0          0          0          0
1655935590          0        222               0           13320          0          0          0          0
1655935601          0        437               0           26510          0          0          0          0
1655935611          1        199              78           12494          0          0          0          0
1655935621          0        292               0           17520          0          0          0          0
1655935631          0        391               0           23724          0          0          0          0
1655935641         28        863           29452           52929          0          0          0          0
1655935651          1        889              78           53366          0          0          0          0
1655935662          1        324              86           19986          0          0          0          0
1655935672          0        174               0           10704          0          0          0          0
1655935682          7        320             616           19408          0          0          0          0
1655935692          0        248               0           15408          0          0          0          0
1655935704          0        388               0           23544          0          0          0          0
1655935715          0        194               0           11640          0          0          0          0
1655935725          0        948               0           57672          0          0          0          0
1655935735          0        506               0           30360          0          0          0          0
1655935745          0        454               0           27504          0          0          0          0
1655935756          1        244              42           15168          0          0          0          0
1655935766          0        971               0           58380          0          0          0          0
1655935776          0        526               0           31764          0          0          0          0
1655935786          0        371               0           22728          0          0          0          0
1655935796          0        353               0           21180          0          0          0          0
1655935806          2       4796             212          288090          0          0          0          0
1655935817          0        460               0           28068          0          0          0          0
1655935827          0        282               0           16920          0          0          0          0
1655935837          0        370               0           22728          0          0          0          0
1655935847          2        344             132           20934          0          0          0          0
1655935857          0        727               0           43620          0          0          0          0
1655935868          0        195               0           12228          0          0          0          0
1655935878          6        790             574           47872          0          0          0          0
1655935888          1        151              42            9060          0          0          0          0
1655935898          0        260               0           16572          0          0          0          0
1655935908          1        285              78           16946          0          0          0          0
1655935918          4        231             340           13952          0          0          0          0
1655935929          0        417               0           25872          0          0          0          0
1655935939         28        599           29540           36501          0          0          0          0
1655935949          0       1190               0           71400          0          0          0          0
1655935959          0        524               0           32232          0          0          0          0
1655935969          0        168               0           10080          0          0          0          0
1655935979          1        223              90           13674          0          0          0          0
1655935989          2        184             164           11612          0          0          0          0
1655936000          0        210               0           12600          0          0          0          0
1655936010          0        228               0           13944          0          0          0          0
1655936020          6       1199             574           72676          0          0          0          0
1655936030          1        441              42           26460          0          0          0          0
1655936040          0        644               0           38904          0          0          0          0
1655936050          1        126              90            8118          0          0          0          0
1655936060          0        313               0           18780          0          0          0          0
1655936071          0        532               0           32448          0          0          0          0
1655936081          0        421               0           25524          0          0          0          0
1655936091          0        137               0            8220          0          0          0          0
1655936101          0        325               0           20028          0          0          0          0
1655936111          0        892               0           53784          0          0          0          0
1655936121          6        561             574           33868          0          0          0          0
1655936132          1        349              42           21732          0          0          0          0
1655936142          0        275               0           16500          0          0          0          0
1655936152          0        144               0            8640          0          0          0          0
1655936162          0        664               0           40632          0          0          0          0
1655936172          0        133               0            7980          0          0          0          0
1655936182          0        646               0           38760          0          0          0          0
1655936192          0        150               0            9792          0          0          0          0
1655936203          0        405               0           24300          0          0          0          0
1655936213          2        131             164            8168          0          0          0          0
1655936223          0        273               0           16908          0          0          0          0
1655936233          1        479              78           28766          0          0          0          0
1655936243         47       1073           33744           68526          0          0          0          0
1655936253         16       1150            2160           71218          0          0          0          0
1655936263          0        709               0           42540          0          0          0          0
1655936274          0        621               0           37524          0          0          0          0
1655936284          1        947              66           57360          0          0          0          0
1655936294          1       2653              42          159180          0          0          0          0
1655936304          2        335             164           20672          0          0          0          0
1655936314          0        420               0           25464          0          0          0          0
1655936324          0       1246               0           74760          0          0          0          0
1655936334          7        680             616           41536          0          0          0          0
1655936345          1        930              78           56090          0          0          0          0
1655936355          0       1489               0           89340          0          0          0          0
1655936365          0        520               0           31992          0          0          0          0
1655936375          1        438              78           26366          0          0          0          0
1655936385          3        960             218           57588          0          0          0          0
1655936395          0        998               0           60672          0          0          0          0
1655936406          1       2938             170          176286          0          0          0          0
1655936416          1        681              78           40886          0          0          0          0
1655936426          0        358               0           22272          0          0          0          0
1655936436          0        379               0           22740          0          0          0          0
1655936446          0       1177               0           70884          0          0          0          0
1655936456          0       2155               0          129828          0          0          0          0
1655936466          0       1756               0          105360          0          0          0          0
1655936477          0       1737               0          104484          0          0          0          0
1655936487          0        206               0           12888          0          0          0          0
1655936497          0        252               0           15120          0          0          0          0
1655936510          1        344              78           21254          0          0          0          0
1655936520          1        246              86           14982          0          0          0          0
1655936530          7        599             616           36148          0          0          0          0
1655936541         29        678           29786           42107          0          0          0          0
1655936551          1        714              86           42978          0          0          0          0
1655936561          0        452               0           27000          0          0          0          0
1655936571          0        170               0           10992          0          0          0          0
1655936581          0        191               0           11460          0          0          0          0
1655936591          0        189               0           11340          0          0          0          0
1655936601          0        189               0           12132          0          0          0          0
1655936612          0        259               0           15540          0          0          0          0
1655936622          0       1192               0           71784          0          0          0          0
1655936632          0        461               0           28188          0          0          0          0
1655936642          0        664               0           39840          0          0          0          0
1655936652          0        263               0           16044          0          0          0          0
1655936662          0        274               0           16968          0          0          0          0
1655936673          2        233             164           14024          0          0          0          0
1655936683          0        444               0           27168          0          0          0          0
1655936694          0        150               0            9264          0          0          0          0
1655936704          0        235               0           14100          0          0          0          0
1655936714          0        756               0           45888          0          0          0          0
1655936724          0        276               0           16824          0          0          0          0
1655936734          6        415             574           25108          0          0          0          0
1655936744          0        294               0           18432          0          0          0          0
1655936755          0        526               0           31560          0          0          0          0
1655936765          0        444               0           26640          0          0          0          0
1655936775          0        672               0           41112          0          0          0          0
1655936785          0        146               0            8760          0          0          0          0
1655936795          0        262               0           15720          0          0          0          0
1655936805          0        298               0           18672          0          0          0          0
1655936815          0        161               0            9660          0          0          0          0
1655936826          0        199               0           12204          0          0          0          0
1655936836         29       1291           29859           78603          0          0          0          0
1655936846          2        454             120           27266          0          0          0          0
1655936856          1        682              86           41202          0          0          0          0
1655936866          0        247               0           15348          0          0          0          0
1655936876          0        193               0           11580          0          0          0          0
1655936887          0        138               0            8808          0          0          0          0
1655936897          0        180               0           11064          0          0          0          0
1655936907          1        261              78           15686          0          0          0          0
1655936917          3        629             218           38316          0          0          0          0
1655936927          6        864             574           52312          0          0          0          0
1655936937          1        174              42           10440          0          0          0          0
1655936947          0        125               0            8028          0          0          0          0
1655936958          0        138               0            8544          0          0          0          0
1655936968          0        118               0            7080          0          0          0          0
1655936978          0        142               0            9312          0          0          0          0
1655936988          0        109               0            6540          0          0          0          0
1655936999          0        103               0            6180          0          0          0          0
1655937009          2       4025             212          242298          0          0          0          0
1655937019          0         83               0            4980          0          0          0          0
1655937029          0        481               0           28860          0          0          0          0
1655937039          0        137               0            9012          0          0          0          0
1655937049          0        115               0            6900          0          0          0          0
1655937060          2        169             164           10448          0          0          0          0
