      time tx_packets rx_packets        tx_bytes        rx_bytes  tx_errors tx_dropped rx_frame_errors rx_crc_errors
1655935344          0         15               0             900          0          0          0          0
1655935354         34        158            5287           30109          0          0          0          0
1655935364         18        103            2808            6282          0          0          0          0
1655935375          0         94               0            6432          0          0          0          0
1655935385          8        223             540           14372          0          0          0          0
1655935395          5        265             312           16396          0          0          0          0
1655935405         66        443            7465           46871          0          0          0          0
1655935415          1        181              86           10878          0          0          0          0
1655935425          0       1016               0           61224          0          0          0          0
1655935435          0        504               0           30888          0          0          0          0
1655935446          0        449               0           26820          0          0          0          0
1655935456          0        240               0           14664          0          0          0          0
1655935466          0       1064               0           64488          0          0          0          0
1655935476          0        433               0           25920          0          0          0          0
1655935486          7        402             616           24796          0          0          0          0
1655935496          0        317               0           19284          0          0          0          0
1655935506          0        661               0           39780          0          0          0          0
1655935517          0        503               0           30588          0          0          0          0
1655935527          0        299               0           18204          0          0          0          0
1655935537          0        388               0           23280          0          0          0          0
1655935547          0        350               0           21528          0          0          0          0
1655935557          0        753               0           45444          0          0          0          0
1655935567          0        232               0           13920          0          0          0          0
1655935577          0        742               0           45312          0          0          0          0
1655935587          0        240               0           14400          0          0          0          0
1655935598          0        307               0           18472          0          0          0          0
1655935608          0        340               0           21192          0          0          0          0
1655935618          0        211               0           12660          0          0          0          0
1655935628          0        346               0           20760          0          0          0          0
1655935638         28        762           29534           47133          0          0          0          0
1655935648          0        830               0           49800          0          0          0          0
1655935658          0        604               0           36504          0          0          0          0
1655935669          0        161               0           10188          0          0          0          0
1655935679          6        301             574           18268          0          0          0          0
1655935689          1        236              42           14424          0          0          0          0
1655935699          0        286               0           17688          0          0          0          0
1655935709          0        279               0           16740          0          0          0          0
1655935719          0        757               0           45684          0          0          0          0
1655935729          0        419               0           25668          0          0          0          0
1655935739          0        697               0           41820          0          0          0          0
1655935750          0        220               0           13728          0          0          0          0
1655935760          0        433               0           26244          0          0          0          0
1655935770          0        989               0           59340          0          0          0          0
1655935780          0        512               0           31248          0          0          0          0
1655935790          0        211               0           12924          0          0          0          0
1655935800          0        428               0           25680          0          0          0          0
1655935810          2       5016             212          301758          0          0          0          0
1655935821          0        230               0           13800          0          0          0          0
1655935831          0        278               0           16680          0          0          0          0
1655935841          0        393               0           24372          0          0          0          0
1655935851          0        219               0           13140          0          0          0          0
1655935861          0        709               0           42540          0          0          0          0
1655935871          0        211               0           13452          0          0          0          0
1655935881          6        798             574           48088          0          0          0          0
1655935892          1        141              42            8724          0          0          0          0
1655935902          0        392               0           24048          0          0          0          0
1655935912          0        132               0            7920          0          0          0          0
1655935922          0        314               0           19104          0          0          0          0
1655935932          0        379               0           23268          0          0          0          0
1655935942         28        768           29620           46701          0          0          0          0
1655935952          0       1250               0           75264          0          0          0          0
1655935962          0        272               0           16848          0          0          0          0
1655935973          0        170               0           10200          0          0          0          0
1655935983          0        229               0           14268          0          0          0          0
1655935993          0        185               0           11364          0          0          0          0
1655936003          0        191               0           11460          0          0          0          0
1655936013          0        353               0           21708          0          0          0          0
1655936023          6       1240             574           74872          0          0          0          0
1655936033          1        544              42           32640          0          0          0          0
1655936044          0        375               0           23292          0          0          0          0
1655936054          0        151               0            9060          0          0          0          0
1655936064          0        414               0           24840          0          0          0          0
1655936074          0        396               0           24552          0          0          0          0
1655936084          0        415               0           24900          0          0          0          0
1655936094          0        164               0            9840          0          0          0          0
1655936104          0        314               0           19632          0          0          0          0
1655936115          0       1018               0           61080          0          0          0          0
1655936125          7        503             616           30388          0          0          0          0
1655936135          1        289              42           18132          0          0          0          0
1655936145          0        271               0           16260          0          0          0          0
1655936155          0        682               0           41184          0          0          0          0
1655936165          0        105               0            6828          0          0          0          0
1655936175          0        656               0           39360          0          0          0          0
1655936186          0        112               0            6984          0          0          0          0
1655936196          0        273               0           16908          0          0          0          0
1655936206          0        279               0           16740          0          0          0          0
1655936216          0        147               0            9348          0          0          0          0
1655936226          0        448               0           27144          0          0          0          0
1655936236         28        750           29706           45621          0          0          0          0
1655936247         33        819            6067           54569          0          0          0          0
1655936257          0       1069               0           64404          0          0          0          0
1655936267          0        708               0           42480          0          0          0          0
1655936277          1        724              66           44244          0          0          0          0
1655936287          2       1740             132          104430          0          0          0          0
1655936297          0       1711               0          102660          0          0          0          0
1655936307          0        257               0           16212          0          0          0          0
1655936321          0       1554               0           93240          0          0          0          0
1655936331         15        449            1585           28122          0          0          0          0
1655936341          1        808              90           49158          0          0          0          0
1655936352          2       1806             132          108270          0          0          0          0
1655936362          0        447               0           27348          0          0          0          0
1655936372          0        582               0           35184          0          0          0          0
1655936382          0        551               0           33060          0          0          0          0
1655936392          0       1195               0           72228          0          0          0          0
1655936402          1       3032             170          182190          0          0          0          0
1655936412          2        793             132           47610          0          0          0          0
1655936423          0        266               0           16752          0          0          0          0
1655936433          0        419               0           25140          0          0          0          0
1655936443          0        819               0           49140          0          0          0          0
1655936453          0       1585               0           95892          0          0          0          0
1655936463          0       2213               0          132780          0          0          0          0
1655936473          0       1759               0          105540          0          0          0          0
1655936483          0        702               0           42912          0          0          0          0
1655936494          0        168               0           10080          0          0          0          0
1655936504          0        412               0           24720          0          0          0          0
1655936514          0        161               0           10452          0          0          0          0
1655936524          0        213               0           12780          0          0          0          0
1655936534          7        859             616           52012          0          0          0          0
1655936544         29        623           29855           38529          0          0          0          0
1655936555          0        708               0           42480          0          0          0          0
1655936565          0        271               0           16524          0          0          0          0
1655936575          0        164               0           10368          0          0          0          0
1655936585          0        186               0           11160          0          0          0          0
1655936595          0        177               0           11148          0          0          0          0
1655936605          0        298               0           18144          0          0          0          0
1655936616          1        444              78           26666          0          0          0          0
1655936626          1       1198              86           72426          0          0          0          0
1655936636          0        478               0           28944          0          0          0          0
1655936646          0        418               0           25080          0          0          0          0
1655936656          0        332               0           20712          0          0          0          0
1655936666          0        248               0           14880          0          0          0          0
1655936677          0        403               0           24180          0          0          0          0
1655936687          0        159               0           10332          0          0          0          0
1655936697          0        223               0           13380          0          0          0          0
1655936707          0        773               0           46440          0          0          0          0
1655936717          0        145               0            9432          0          0          0          0
1655936727          6        400             574           24208          0          0          0          0
1655936738          1        337              42           20484          0          0          0          0
1655936748          0        268               0           16608          0          0          0          0
1655936758          1        824              78           49466          0          0          0          0
1655936768          1        156              86            9642          0          0          0          0
1655936778          0        642               0           39048          0          0          0          0
1655936788          2        163             164            9824          0          0          0          0
1655936798          0        401               0           24324          0          0          0          0
1655936809          0        141               0            8988          0          0          0          0
1655936819          0        164               0            9840          0          0          0          0
1655936829          1        898              78           54434          0          0          0          0
1655936839         30        606           30027           37269          0          0          0          0
1655936849          0        708               0           42480          0          0          0          0
1655936859          0        536               0           32688          0          0          0          0
1655936869          0        124               0            7704          0          0          0          0
1655936879          0        184               0           11040          0          0          0          0
1655936890          0        141               0            9252          0          0          0          0
1655936900          0        220               0           13200          0          0          0          0
1655936910          1        223              78           13406          0          0          0          0
1655936920          1       1096              86           66570          0          0          0          0
1655936930          6        448             574           27094          0          0          0          0
1655936940          1        118              42            7080          0          0          0          0
1655936951          0        144               0            9432          0          0          0          0
1655936961          0        119               0            7140          0          0          0          0
1655936971          0        123               0            7380          0          0          0          0
1655936981          0        133               0            8772          0          0          0          0
1655936991          0        104               0            6240          0          0          0          0
1655937001          0       2172               0          131664          0          0          0          0
1655937011          2       1952             212          116574          0          0          0          0
1655937022          0         94               0            5640          0          0          0          0
1655937032          1        487              42           29484          0          0          0          0
1655937042          0        129               0            8268          0          0          0          0
1655937052          0        142               0            8520          0          0          0          0
1655937062          0        156               0            9888          0          0          0          0
