      time tx_packets rx_packets        tx_bytes        rx_bytes  tx_errors tx_dropped rx_frame_errors rx_crc_errors
1655935344          0         12               0             720          0          0          0          0
1655935355         54        173            8039           31129          0          0          0          0
1655935365          6         94             936            5674          0          0          0          0
1655935375          2         96             164            6596          0          0          0          0
1655935385          8        235             540           15092          0          0          0          0
1655935395         31        286            3730           30470          0          0          0          0
1655935405         35        411            4509           31987          0          0          0          0
1655935416          0        190               0           11400          0          0          0          0
1655935426          8       1021             540           62576          0          0          0          0
1655935436         27        544            3460           45924          0          0          0          0
1655935447          2        453             164           27224          0          0          0          0
1655935457         17        249            1550           15672          0          0          0          0
1655935467          0       1085               0           65364          0          0          0          0
1655935477          0        487               0           29220          0          0          0          0
1655935487          7        323             616           20116          0          0          0          0
1655935498          0        375               0           22764          0          0          0          0
1655935508          0        890               0           53460          0          0          0          0
1655935518          0        327               0           20088          0          0          0          0
1655935528          0        273               0           16644          0          0          0          0
1655935538          0        331               0           19860          0          0          0          0
1655935548          0        322               0           20112          0          0          0          0
1655935558          0        756               0           45360          0          0          0          0
1655935569          0        234               0           14040          0          0          0          0
1655935579          0        741               0           45252          0          0          0          0
1655935589          0        245               0           14700          0          0          0          0
1655935599          0        443               0           26606          0          0          0          0
1655935609          0        197               0           12612          0          0          0          0
1655935619          0        223               0           13380          0          0          0          0
1655935629          0        465               0           28164          0          0          0          0
1655935640         28        628           29383           38817          0          0          0          0
1655935650          0        835               0           50100          0          0          0          0
1655935660          0        606               0           36624          0          0          0          0
1655935670          0        162               0           10248          0          0          0          0
1655935680          6        328             574           19888          0          0          0          0
1655935690          1        246              42           15288          0          0          0          0
1655935700          0        243               0           14844          0          0          0          0
1655935710          0        279               0           16740          0          0          0          0
1655935721          0        878               0           53208          0          0          0          0
1655935731          0        302               0           18384          0          0          0          0
1655935741          0        719               0           43140          0          0          0          0
1655935751          0        189               0           11868          0          0          0          0
1655935761          0        440               0           26664          0          0          0          0
1655935771          2        988             164           59324          0          0          0          0
1655935781          0        519               0           31932          0          0          0          0
1655935792          0        211               0           12660          0          0          0          0
1655935802          1       4681             169          280866          0          0          0          0
1655935812          1        744              42           45432          0          0          0          0
1655935822          0        237               0           14220          0          0          0          0
1655935832          0        274               0           16440          0          0          0          0
1655935842          0        403               0           24972          0          0          0          0
1655935852          0        212               0           12720          0          0          0          0
1655935863          0        730               0           44064          0          0          0          0
1655935873          0        193               0           12108          0          0          0          0
1655935883          9        799             780           48192          0          0          0          0
1655935893          0        137               0            8484          0          0          0          0
1655935903          0        406               0           24888          0          0          0          0
1655935913          0        155               0            9300          0          0          0          0
1655935923          1        274              78           16730          0          0          0          0
1655935933          1        384              86           23586          0          0          0          0
1655935944         28        808           29469           49101          0          0          0          0
1655935954          1       1210              78           73154          0          0          0          0
1655935964          1        278              86           16962          0          0          0          0
1655935974          0        198               0           11880          0          0          0          0
1655935984          0        198               0           12408          0          0          0          0
1655935994          0        183               0           11244          0          0          0          0
1655936005          0        297               0           17820          0          0          0          0
1655936015          2        274             164           17276          0          0          0          0
1655936025          7       1331             616           80068          0          0          0          0
1655936035          0        443               0           26580          0          0          0          0
1655936045          0        354               0           22032          0          0          0          0
1655936055          0        165               0            9900          0          0          0          0
1655936065          0        460               0           27600          0          0          0          0
1655936076          0        364               0           22632          0          0          0          0
1655936086          0        402               0           24120          0          0          0          0
1655936096          0        253               0           15444          0          0          0          0
1655936106          0        328               0           20208          0          0          0          0
1655936116          0        924               0           55440          0          0          0          0
1655936126          7        515             616           31372          0          0          0          0
1655936136          0        302               0           18648          0          0          0          0
1655936147          0        239               0           14340          0          0          0          0
1655936157          0        664               0           40104          0          0          0          0
1655936167          1        145              78            9254          0          0          0          0
1655936177          1        627              86           37638          0          0          0          0
1655936187          0        128               0            8208          0          0          0          0
1655936197          0        266               0           16224          0          0          0          0
1655936207          0        266               0           15960          0          0          0          0
1655936217          0        152               0            9648          0          0          0          0
1655936228          2        453             132           27474          0          0          0          0
1655936238         28        768           29554           46695          0          0          0          0
1655936248         32        885            6025           58835          0          0          0          0
1655936258          0       1174               0           70380          0          0          0          0
1655936268          1        595              90           35730          0          0          0          0
1655936278          0        686               0           41952          0          0          0          0
1655936288          2       2284             108          137292          0          0          0          0
1655936299          0       1132               0           67680          0          0          0          0
1655936309          0        240               0           15192          0          0          0          0
1655936319          0       1157               0           69420          0          0          0          0
1655936329          6        793             574           47788          0          0          0          0
1655936339          2        486             132           29982          0          0          0          0
1655936349          0       1827               0          109620          0          0          0          0
1655936360          0        717               0           43284          0          0          0          0
1655936370          0        612               0           37248          0          0          0          0
1655936380          0        437               0           26220          0          0          0          0
1655936390          0       1077               0           64884          0          0          0          0
1655936400          1        673              90           40938          0          0          0          0
1655936410          2       3383             211          202986          0          0          0          0
1655936420          0        262               0           16248          0          0          0          0
1655936431          0        424               0           25704          0          0          0          0
1655936441          0        475               0           28500          0          0          0          0
1655936451          0       1506               0           90888          0          0          0          0
1655936461          0       2294               0          138024          0          0          0          0
1655936471          3       2003             242          120130          0          0          0          0
1655936481          1        798              86           48690          0          0          0          0
1655936491          0        182               0           10920          0          0          0          0
1655936504          0        435               0           26100          0          0          0          0
1655936514          0        161               0           10452          0          0          0          0
1655936524          0        213               0           12780          0          0          0          0
1655936534          7        851             616           51532          0          0          0          0
1655936544         28        630           29631           38949          0          0          0          0
1655936555          2        712             164           42764          0          0          0          0
1655936565          0        271               0           16524          0          0          0          0
1655936575          0        163               0           10308          0          0          0          0
1655936585          0        183               0           10980          0          0          0          0
1655936595          0        178               0           11208          0          0          0          0
1655936605          0        301               0           18324          0          0          0          0
1655936615          0        443               0           26580          0          0          0          0
1655936626          0       1195               0           72288          0          0          0          0
1655936636          0        480               0           29004          0          0          0          0
1655936646          1        418              78           25166          0          0          0          0
1655936656          1        329              86           20550          0          0          0          0
1655936666          0        249               0           14880          0          0          0          0
1655936676          3        408             206           24524          0          0          0          0
1655936687          0        157               0           10212          0          0          0          0
1655936697          0        225               0           13500          0          0          0          0
1655936707          0        718               0           43080          0          0          0          0
1655936717          0        199               0           12732          0          0          0          0
1655936727          9        405             816           24578          0          0          0          0
1655936738          2        338             128           20562          0          0          0          0
1655936748          0        268               0           16608          0          0          0          0
1655936758          0        823               0           49380          0          0          0          0
1655936768          0        155               0            9564          0          0          0          0
1655936778          0        642               0           39048          0          0          0          0
1655936788          2        163             164            9824          0          0          0          0
1655936798          1        402              78           24410          0          0          0          0
1655936809          1        139              86            9066          0          0          0          0
1655936819          1        168              78            9926          0          0          0          0
1655936829          1        898              86           54426          0          0          0          0
1655936839         28        604           29712           37125          0          0          0          0
1655936849          0        707               0           42420          0          0          0          0
1655936859          1        538              78           32834          0          0          0          0
1655936869          3        127             250            7946          0          0          0          0
1655936879          0        184               0           11040          0          0          0          0
1655936890          0        141               0            9252          0          0          0          0
1655936900          0        219               0           13140          0          0          0          0
1655936910          2        225             164           13544          0          0          0          0
1655936920          0       1088               0           66072          0          0          0          0
1655936930          6        453             574           27388          0          0          0          0
1655936940          1        117              42            7080          0          0          0          0
1655936951          0        148               0            9612          0          0          0          0
1655936961          0        118               0            7140          0          0          0          0
1655936971          0        123               0            7320          0          0          0          0
1655936981          0        134               0            8832          0          0          0          0
1655936991          0        102               0            6120          0          0          0          0
1655937001          2       2432             211          147210          0          0          0          0
1655937011          0       1692               0          101028          0          0          0          0
1655937022          0         94               0            5640          0          0          0          0
1655937032          0        487               0           29484          0          0          0          0
1655937042          0        129               0            8268          0          0          0          0
1655937052          1        143              78            8606          0          0          0          0
1655937063          1        166              86           10506          0          0          0          0
