      time tx_packets rx_packets        tx_bytes        rx_bytes  tx_errors tx_dropped rx_frame_errors rx_crc_errors
1655935342          0         13               0             780          0          0          0          0
1655935352         34        161            5287           30553          0          0          0          0
1655935362          6         94             936            5680          0          0          0          0
1655935372         15        110            2078            7564          0          0          0          0
1655935382          0        204               0           12180          0          0          0          0
1655935393          8        236             540           15152          0          0          0          0
1655935403          5        312             312           20008          0          0          0          0
1655935413         66        331            7485           39380          0          0          0          0
1655935423          2        998             164           59924          0          0          0          0
1655935433          2        430             164           26696          0          0          0          0
1655935444          0        566               0           33900          0          0          0          0
1655935455          1        245              78           14990          0          0          0          0
1655935465          2        495             164           30272          0          0          0          0
1655935475          1        812              86           48738          0          0          0          0
1655935485          7        601             616           36532          0          0          0          0
1655935495          1        317              78           19574          0          0          0          0
1655935505          4        387             328           23308          0          0          0          0
1655935515          1        775              86           47046          0          0          0          0
1655935526          2        310             164           18908          0          0          0          0
1655935536          1        364              78           21926          0          0          0          0
1655935546          3        359             250           22070          0          0          0          0
1655935556          0        759               0           45804          0          0          0          0
1655935566          0        206               0           12420          0          0          0          0
1655935576          3        766             234           46506          0          0          0          0
1655935586          3        253             250           15506          0          0          0          0
1655935596          1        303              86           18224          0          0          0          0
1655935607          0        351               0           21852          0          0          0          0
1655935617          2        207             156           12472          0          0          0          0
1655935627          4        338             336           20360          0          0          0          0
1655935637         28        772           29520           47727          0          0          0          0
1655935647          0        558               0           33480          0          0          0          0
1655935657          1        877              78           52646          0          0          0          0
1655935667          1        171              86           11070          0          0          0          0
1655935678          6        297             574           18028          0          0          0          0
1655935688          1        234              42           14304          0          0          0          0
1655935698          0        283               0           17508          0          0          0          0
1655935721          0       1240               0           74928          0          0          0          0
1655935731          0        280               0           17064          0          0          0          0
1655935741          0        721               0           43260          0          0          0          0
1655935752          0        187               0           12012          0          0          0          0
1655935762          0        447               0           26820          0          0          0          0
1655935772          0        986               0           59160          0          0          0          0
1655935782          0        515               0           31692          0          0          0          0
1655935793          0        216               0           12960          0          0          0          0
1655935803          2       4671             211          280266          0          0          0          0
1655935813          0        746               0           45552          0          0          0          0
1655935823          0        241               0           14460          0          0          0          0
1655935833          1        305              90           18594          0          0          0          0
1655935844          0        415               0           25428          0          0          0          0
1655935854          0        381               0           22860          0          0          0          0
1655935864          0        519               0           31404          0          0          0          0
1655935874          0        375               0           23208          0          0          0          0
1655935884          7        612             616           36748          0          0          0          0
1655935894          1        244              90           14934          0          0          0          0
1655935904          0        302               0           18648          0          0          0          0
1655935914          0        156               0            9360          0          0          0          0
1655935925          0        270               0           16728          0          0          0          0
1655935935         29        804           29839           49125          0          0          0          0
1655935945          0        803               0           48180          0          0          0          0
1655935955          0        795               0           48228          0          0          0          0
1655935965          2        287             168           17540          0          0          0          0
1655935975          1        224              86           13458          0          0          0          0
1655935985          2        184             164           11876          0          0          0          0
1655935996          0        164               0            9840          0          0          0          0
1655936006          0        296               0           17760          0          0          0          0
1655936016          0        284               0           17832          0          0          0          0
1655936026          7       1319             616           79348          0          0          0          0
1655936036          2        462             164           27764          0          0          0          0
1655936046          0        332               0           20712          0          0          0          0
1655936056          0        181               0           10860          0          0          0          0
1655936067          0        671               0           40524          0          0          0          0
1655936077          0        396               0           24288          0          0          0          0
1655936087          0        146               0            8760          0          0          0          0
1655936097          0        247               0           15084          0          0          0          0
1655936107          0        852               0           51708          0          0          0          0
1655936117          0        408               0           24420          0          0          0          0
1655936127         14        522            1519           32496          0          0          0          0
1655936137          1        304              42           18768          0          0          0          0
1655936148          0        240               0           14400          0          0          0          0
1655936158          0        664               0           40368          0          0          0          0
1655936168          0        138               0            8544          0          0          0          0
1655936178          0        625               0           37500          0          0          0          0
1655936188          0        130               0            8328          0          0          0          0
1655936198          0        412               0           24984          0          0          0          0
1655936208          0        124               0            7440          0          0          0          0
1655936219          3        151             242            9922          0          0          0          0
1655936229          0        606               0           36360          0          0          0          0
1655936239         61        692           35949           47036          0          0          0          0
1655936249          0       1055               0           64092          0          0          0          0
1655936259          2       1004             164           60284          0          0          0          0
1655936269          0        561               0           33660          0          0          0          0
1655936279          2        700             156           42834          0          0          0          0
1655936290          2       2699             120          162026          0          0          0          0
1655936300          1        672              86           40278          0          0          0          0
1655936313          0        389               0           24132          0          0          0          0
1655936323          0       1439               0           86340          0          0          0          0
1655936333          9        688             780           42060          0          0          0          0
1655936343          0        838               0           50544          0          0          0          0
1655936354          0       1542               0           92520          0          0          0          0
1655936364          1        543              78           33134          0          0          0          0
1655936374          1        443              86           26862          0          0          0          0
1655936384          2        866             164           52004          0          0          0          0
1655936394          0       1006               0           61212          0          0          0          0
1655936404          4       2900             375          173990          0          0          0          0
1655936414          1        808              78           48506          0          0          0          0
1655936425          1        281              86           17670          0          0          0          0
1655936435          0        416               0           24960          0          0          0          0
1655936445          1       1008              78           60506          0          0          0          0
1655936455          1       2213              86          133590          0          0          0          0
1655936465          0       1657               0           99420          0          0          0          0
1655936475          4       1985             328          119434          0          0          0          0
1655936485          1        204              42           12768          0          0          0          0
1655936496          0        258               0           15480          0          0          0          0
1655936506          0        314               0           19104          0          0          0          0
1655936516          1        165              78           10454          0          0          0          0
1655936526          7        495             660           29926          0          0          0          0
1655936536         30        772           30045           47211          0          0          0          0
1655936546          0        445               0           27228          0          0          0          0
1655936556          0        689               0           41340          0          0          0          0
1655936567          0        272               0           16848          0          0          0          0
1655936577          0        196               0           12024          0          0          0          0
1655936587          0        165               0            9900          0          0          0          0
1655936597          0        204               0           12768          0          0          0          0
1655936607          0        257               0           15684          0          0          0          0
1655936617          0        630               0           37800          0          0          0          0
1655936627          0       1022               0           62112          0          0          0          0
1655936638          0        472               0           28320          0          0          0          0
1655936648          1        477              78           28646          0          0          0          0
1655936658          1        276              86           17370          0          0          0          0
1655936668          1        237              78           14246          0          0          0          0
1655936678          1        440              86           26418          0          0          0          0
1655936688          0        131               0            8652          0          0          0          0
1655936699          0        267               0           16020          0          0          0          0
1655936709          0        744               0           44904          0          0          0          0
1655936719          0        239               0           14868          0          0          0          0
1655936729          6        414             574           25048          0          0          0          0
1655936739          1        214              42           13104          0          0          0          0
1655936749          0        266               0           16488          0          0          0          0
1655936759          0        819               0           49140          0          0          0          0
1655936770          0        156               0            9624          0          0          0          0
1655936780          0        652               0           39648          0          0          0          0
1655936790          0        161               0            9660          0          0          0          0
1655936800          0        397               0           24348          0          0          0          0
1655936810          0        130               0            8064          0          0          0          0
1655936820          1        249              78           14966          0          0          0          0
1655936831          1        825              86           50046          0          0          0          0
1655936841         32        701           30326           43009          0          0          0          0
1655936851          1        794              86           47898          0          0          0          0
1655936861          0        359               0           22092          0          0          0          0
1655936871          1        142              78            8546          0          0          0          0
1655936881          1        176              86           10578          0          0          0          0
1655936892          0        173               0           11172          0          0          0          0
1655936902          0        169               0           10140          0          0          0          0
1655936912          0        340               0           20400          0          0          0          0
1655936922          0       1107               0           67272          0          0          0          0
1655936932          7        326             616           19708          0          0          0          0
1655936942          0        118               0            7344          0          0          0          0
1655936953          0        143               0            9108          0          0          0          0
1655936963          0        113               0            6840          0          0          0          0
1655936973          0        135               0            8304          0          0          0          0
1655936983          0        128               0            8208          0          0          0          0
1655936993          0        103               0            6180          0          0          0          0
1655937003          2       4029             212          242274          0          0          0          0
1655937013          1         84              90            5334          0          0          0          0
1655937024          0        104               0            6240          0          0          0          0
1655937034          0        501               0           30588          0          0          0          0
1655937045          0        135               0            8364          0          0          0          0
1655937055          0        137               0            8220          0          0          0          0
1655937065          0        163               0           10572          0          0          0          0
