#TIME all_pgs_mb huge_pgs_mb Node0_Foreign Node1_Foreign Node0_Local Node1_Local Node0_Other Node1_Other Node0_Free Node1_Free Node0_Used Node1_Used
1655935344 447280179 427375514 33685479 2314043 32847159 27494709 10012 131999 92207.31 93583.34 2562.17 3162.63
1655935354 447280179 427375514 33685479 2314043 32847332 27494809 10012 131999 92156.54 93578.41 2612.82 3168.16
1655935364 447280179 427375514 33685479 2314043 32847542 27496896 10012 131999 92101.88 91576.70 2667.07 5169.76
1655935375 447280585 427375520 33685479 2314043 32849582 27499653 10012 131999 92004.62 91522.95 2764.84 5223.08
1655935385 447280853 427375520 33685479 2314043 32852761 27500134 10012 131999 91961.29 91399.18 2808.11 5348.49
1655935395 447281638 427375520 33685479 2314043 32853000 27500338 10012 131999 91875.70 91371.13 2894.81 5374.84
1655935405 447282195 427375520 33685479 2314043 32853570 27500378 10012 131999 91805.77 91432.32 2963.68 5314.64
1655935415 447282372 427375520 33685479 2314043 32853927 27500522 10012 131999 92115.85 91736.34 2653.59 5010.78
1655935426 447282372 427375520 33685479 2314043 32853963 27500573 10012 131999 92115.65 91735.77 2653.74 5010.33
1655935436 447282372 427375520 33685479 2314043 32854001 27500622 10012 131999 92116.90 91736.27 2653.59 5009.70
1655935446 447282372 427375520 33685479 2314043 32854053 27500657 10012 131999 92117.48 91737.84 2651.92 5009.27
1655935456 447282372 427375520 33685479 2314043 32854089 27500709 10012 131999 92116.80 91737.16 2652.06 5009.41
1655935467 447282372 427375520 33685479 2314043 32854125 27500761 10012 131999 92116.20 91736.14 2653.15 5010.91
1655935477 447282372 427375520 33685479 2314043 32854161 27500813 10012 131999 92115.84 91735.69 2653.53 5010.93
1655935487 447282372 427375520 33685479 2314043 32854198 27500863 10012 131999 92116.26 91734.18 2653.09 5011.42
1655935497 447282372 427375520 33685479 2314043 32854234 27500914 10012 131999 92116.83 91737.64 2652.52 5009.48
1655935507 447282372 427375520 33685479 2314043 32854272 27500965 10012 131999 92115.75 91735.67 2653.27 5009.81
1655935518 447282372 427375520 33685479 2314043 32854324 27501000 10012 131999 92116.00 91738.00 2652.00 5008.97
1655935528 447282372 427375520 33685479 2314043 32854379 27501032 10012 131999 92116.86 91738.16 2652.67 5008.41
1655935538 447282372 427375520 33685479 2314043 32854431 27501066 10012 131999 92115.84 91736.84 2653.02 5008.76
1655935548 447282372 427375520 33685479 2314043 32854467 27501117 10012 131999 92115.83 91736.62 2652.53 5010.04
1655935558 447282372 427375520 33685479 2314043 32854505 27501166 10012 131999 92116.57 91736.55 2651.89 5009.49
1655935568 447282372 427375520 33685479 2314043 32854557 27501201 10012 131999 92116.19 91737.49 2652.77 5008.98
1655935578 447282372 427375520 33685479 2314043 32854610 27501234 10012 131999 92116.54 91738.05 2652.42 5008.50
1655935589 447282372 427375520 33685479 2314043 32854645 27501285 10012 131999 92117.41 91738.04 2651.93 5009.10
1655935599 447282372 427375520 33685479 2314043 32854682 27501336 10012 131999 92116.08 91736.68 2653.27 5009.90
1655935609 447282372 427375520 33685479 2314043 32854720 27501385 10012 131999 92116.34 91737.12 2652.64 5009.35
1655935619 447282372 427375520 33685479 2314043 32854775 27501417 10012 131999 92115.35 91741.93 2653.64 5004.53
1655935629 447282372 427375520 33685479 2314043 32854815 27501464 10012 131999 92115.77 91741.49 2652.59 5005.16
1655935639 447282372 427375520 33685479 2314043 32854855 27501513 10012 131999 92115.39 91743.09 2653.11 5003.37
1655935649 447282372 427375520 33685479 2314043 32854906 27501551 10012 131999 92116.59 91741.85 2652.36 5005.25
1655935660 447282372 427375520 33685479 2314043 32854941 27501603 10012 131999 92116.19 91740.81 2653.21 5006.30
1655935670 447282372 427375520 33685479 2314043 32854976 27501655 10012 131999 92117.24 91740.96 2652.11 5005.66
1655935680 447282372 427375520 33685479 2314043 32855013 27501705 10012 131999 92116.70 91740.88 2652.71 5006.21
1655935690 447282372 427375520 33685479 2314043 32855052 27501754 10012 131999 92116.59 91741.36 2652.34 5005.16
1655935700 447282372 427375520 33685479 2314043 32855104 27501788 10012 131999 92116.31 91743.14 2652.14 5003.87
1655935710 447282372 427375520 33685479 2314043 32855156 27501824 10012 131999 92116.70 91743.04 2652.65 5004.07
1655935720 447282372 427375520 33685479 2314043 32855196 27501873 10012 131999 92116.37 91743.20 2652.14 5003.77
1655935731 447282372 427375520 33685479 2314043 32855247 27501909 10012 131999 92117.23 91741.20 2651.62 5004.95
1655935741 447282372 427375520 33685479 2314043 32855284 27501960 10012 131999 92116.69 91741.20 2652.66 5005.88
1655935751 447282372 427375520 33685479 2314043 32855319 27502012 10012 131999 92116.69 91741.94 2652.20 5004.65
1655935761 447282372 427375520 33685479 2314043 32855355 27502063 10012 131999 92116.55 91740.67 2652.87 5005.93
1655935772 447282372 427375520 33685479 2314043 32855393 27502113 10012 131999 92117.38 91741.35 2652.12 5005.21
1655935782 447282372 427375520 33685479 2314043 32855443 27502150 10012 131999 92116.62 91741.75 2652.23 5004.34
1655935792 447282372 427375520 33685479 2314043 32855479 27502201 10012 131999 92116.65 91741.04 2652.21 5005.54
1655935802 447282372 427375520 33685479 2314043 32855517 27502259 10012 131999 92116.29 91742.25 2651.74 5004.21
1655935812 447282372 427375520 33685479 2314043 32855570 27502293 10012 131999 92118.16 91741.57 2650.73 5005.46
1655935822 447282372 427375520 33685479 2314043 32855609 27502342 10012 131999 92117.08 91742.50 2651.89 5004.48
1655935832 447282372 427375520 33685479 2314043 32855661 27502377 10012 131999 92116.55 91742.53 2651.89 5003.94
1655935842 447282372 427375520 33685479 2314043 32855714 27502411 10012 131999 92116.30 91742.55 2652.68 5003.92
1655935853 447282372 427375520 33685479 2314043 32855765 27502448 10012 131999 92117.46 91742.76 2651.39 5003.36
1655935863 447282372 427375520 33685479 2314043 32855802 27502498 10012 131999 92118.45 91743.36 2650.90 5003.23
1655935873 447282372 427375520 33685479 2314043 32855837 27502549 10012 131999 92118.95 91742.19 2650.01 5004.91
1655935883 447282372 427375520 33685479 2314043 32855873 27502600 10012 131999 92118.05 91742.15 2650.93 5004.86
1655935893 447282372 427375520 33685479 2314043 32855926 27502635 10012 131999 92116.75 91741.54 2651.20 5005.50
1655935903 447282372 427375520 33685479 2314043 32855980 27502668 10012 131999 92116.72 91742.94 2651.31 5003.53
1655935913 447282372 427375520 33685479 2314043 32856030 27502707 10012 131999 92117.63 91742.46 2650.73 5004.12
1655935924 447282372 427375520 33685479 2314043 32856066 27502758 10012 131999 92118.25 91741.10 2650.60 5005.52
1655935934 447282372 427375520 33685479 2314043 32856103 27502807 10012 131999 92117.82 91741.95 2650.58 5004.68
1655935944 447282372 427375520 33685479 2314043 32856143 27502858 10012 131999 92117.89 91741.79 2651.07 5005.17
1655935954 447282372 427375520 33685479 2314043 32856194 27502893 10012 131999 92117.46 91742.39 2651.56 5004.07
1655935964 447282372 427375520 33685479 2314043 32856247 27502928 10012 131999 92117.50 91743.75 2651.52 5003.28
1655935974 447282372 427375520 33685479 2314043 32856299 27502963 10012 131999 92118.43 91742.64 2651.56 5003.83
1655935984 447282372 427375520 33685479 2314043 32856351 27502999 10012 131999 92117.81 91741.14 2651.56 5004.95
1655935995 447282372 427375520 33685479 2314043 32856387 27503050 10012 131999 92118.74 91742.69 2650.12 5004.38
1655936005 447282372 427375520 33685479 2314043 32856423 27503103 10012 131999 92118.03 91741.41 2650.82 5005.67
1655936015 447282372 427375520 33685479 2314043 32856460 27503153 10012 131999 92118.94 91742.21 2650.48 5004.75
1655936025 447282372 427375520 33685479 2314043 32856511 27503189 10012 131999 92119.22 91742.46 2650.24 5004.12
1655936035 447282372 427375520 33685479 2314043 32856548 27503240 10012 131999 92119.17 91740.87 2650.23 5006.25
1655936045 447282372 427375520 33685479 2314043 32856586 27503291 10012 131999 92118.92 91742.06 2649.54 5004.96
1655936055 447282372 427375520 33685479 2314043 32856634 27503329 10012 131999 92118.61 91741.84 2650.81 5004.78
1655936065 447282372 427375520 33685479 2314043 32856673 27503379 10012 131999 92118.15 91742.55 2649.82 5004.49
1655936076 447282372 427375520 33685479 2314043 32856726 27503414 10012 131999 92119.25 91743.01 2649.70 5004.01
1655936087 447282372 427375520 33685479 2314043 32856766 27503461 10012 131999 92118.29 91741.51 2650.61 5005.08
1655936097 447282372 427375520 33685479 2314043 32856804 27503511 10012 131999 92118.38 91742.20 2651.10 5004.26
1655936107 447282372 427375520 33685479 2314043 32856856 27503546 10012 131999 92119.74 91744.11 2649.12 5002.48
1655936117 447282372 427375520 33685479 2314043 32856892 27503597 10012 131999 92120.02 91743.19 2649.37 5003.37
1655936127 447282372 427375520 33685479 2314043 32856930 27503648 10012 131999 92119.29 91742.81 2649.23 5003.66
1655936137 447282372 427375520 33685479 2314043 32856982 27503683 10012 131999 92120.54 91743.20 2649.42 5003.81
1655936147 447282372 427375520 33685479 2314043 32857033 27503720 10012 131999 92119.50 91744.04 2649.36 5002.05
1655936158 447282372 427375520 33685479 2314043 32857070 27503770 10012 131999 92120.01 91742.75 2649.34 5002.36
1655936168 447282372 427375520 33685479 2314043 32857108 27503820 10012 131999 92118.88 91742.48 2650.46 5003.10
1655936178 447282372 427375520 33685479 2314043 32857146 27503871 10012 131999 92119.48 91742.70 2649.00 5004.27
1655936188 447282372 427375520 33685479 2314043 32857196 27503907 10012 131999 92119.35 91743.63 2649.41 5003.95
1655936198 447282372 427375520 33685479 2314043 32857234 27503958 10012 131999 92119.43 91742.86 2649.52 5002.75
1655936208 447282372 427375520 33685479 2314043 32857271 27504008 10012 131999 92118.91 91742.43 2649.56 5004.55
1655936219 447282372 427375520 33685479 2314043 32857323 27504044 10012 131999 92121.37 91744.43 2647.02 5002.20
1655936229 447282372 427375520 33685479 2314043 32857362 27504094 10012 131999 92119.81 91744.14 2648.59 5002.87
1655936239 447282372 427375520 33685479 2314043 32857448 27504168 10012 131999 92117.90 91743.88 2652.09 5003.10
1655936249 447282372 427375520 33685479 2314043 32857501 27504203 10012 131999 92121.29 91763.86 2647.22 4983.15
1655936259 447282372 427375520 33685479 2314043 32857553 27504239 10012 131999 92119.95 91762.94 2648.00 4983.52
1655936269 447282372 427375520 33685479 2314043 32857605 27504275 10012 131999 92122.01 91763.41 2646.87 4983.19
1655936279 447282372 427375520 33685479 2314043 32857644 27504324 10012 131999 92121.96 91763.39 2647.02 4983.07
1655936289 447282372 427375520 33685479 2314043 32857695 27504361 10012 131999 92121.91 91763.86 2646.57 4982.61
1655936300 447282372 427375520 33685479 2314043 32857746 27504396 10012 131999 92121.80 91764.02 2647.58 4982.54
1655936312 447282372 427375520 33685479 2314043 32857784 27504446 10012 131999 92139.82 93530.44 2629.52 3215.65
1655936323 447282372 427375520 33685479 2314043 32857821 27504498 10012 131999 92139.68 93530.34 2629.18 3216.22
1655936333 447282372 427375520 33685479 2314043 32857859 27504546 10012 131999 92138.55 93530.05 2629.96 3216.92
1655936343 447282372 427375520 33685479 2314043 32857910 27504585 10012 131999 92138.43 93530.72 2630.44 3215.37
1655936353 447282372 427375520 33685479 2314043 32857947 27504635 10012 131999 92137.88 93530.82 2630.59 3215.75
1655936364 447282372 427375520 33685479 2314043 32858001 27504670 10012 131999 92138.04 93530.88 2631.41 3215.59
1655936374 447282372 427375520 33685479 2314043 32858053 27504706 10012 131999 92138.68 93531.47 2630.30 3215.60
1655936384 447282372 427375520 33685479 2314043 32858102 27504744 10012 131999 92139.02 93531.41 2630.33 3215.69
1655936394 447282372 427375520 33685479 2314043 32858142 27504793 10012 131999 92139.51 93531.21 2630.02 3215.26
1655936404 447282372 427375520 33685479 2314043 32858195 27504838 10012 131999 92140.04 93531.37 2629.32 3214.70
1655936414 447282372 427375520 33685479 2314043 32858234 27504885 10012 131999 92139.63 93532.19 2629.87 3214.27
1655936424 447282372 427375520 33685479 2314043 32858287 27504922 10012 131999 92140.08 93530.90 2628.78 3215.68
1655936435 447282372 427375520 33685479 2314043 32858323 27504974 10012 131999 92139.56 93531.07 2629.37 3216.05
1655936445 447282372 427375520 33685479 2314043 32858361 27505025 10012 131999 92138.92 93531.09 2629.07 3215.87
1655936455 447282372 427375520 33685479 2314043 32858413 27505061 10012 131999 92137.92 93530.79 2630.58 3215.68
1655936465 447282372 427375520 33685479 2314043 32858466 27505097 10012 131999 92138.92 93531.26 2630.59 3215.76
1655936475 447282372 427375520 33685479 2314043 32858517 27505134 10012 131999 92139.01 93532.38 2630.36 3214.70
1655936485 447282372 427375520 33685479 2314043 32858558 27505182 10012 131999 92138.81 93531.30 2629.64 3215.23
1655936495 447282372 427375520 33685479 2314043 32858607 27505220 10012 131999 92140.33 93532.07 2629.11 3214.50
1655936506 447282372 427375520 33685479 2314043 32858647 27505271 10012 131999 92138.70 93532.22 2630.25 3214.77
1655936516 447282372 427375520 33685479 2314043 32858697 27505307 10012 131999 92139.11 93532.09 2629.74 3214.98
1655936526 447282372 427375520 33685479 2314043 32858738 27505357 10012 131999 92138.10 93531.73 2630.41 3215.27
1655936536 447282372 427375520 33685479 2314043 32858790 27505394 10012 131999 92138.09 93532.11 2630.92 3214.88
1655936546 447282372 427375520 33685479 2314043 32858832 27505440 10012 131999 92138.23 93530.24 2630.28 3216.23
1655936556 447282372 427375520 33685479 2314043 32858883 27505477 10012 131999 92138.37 93531.08 2630.12 3215.94
1655936566 447282372 427375520 33685479 2314043 32858934 27505513 10012 131999 92137.36 93532.03 2631.64 3214.43
1655936577 447282372 427375520 33685479 2314043 32858988 27505547 10012 131999 92138.50 93531.71 2631.00 3215.34
1655936587 447282372 427375520 33685479 2314043 32859038 27505585 10012 131999 92138.25 93532.70 2631.22 3213.35
1655936597 447282372 427375520 33685479 2314043 32859077 27505634 10012 131999 92138.56 93532.03 2630.95 3214.93
1655936607 447282372 427375520 33685479 2314043 32859127 27505672 10012 131999 92139.66 93531.58 2629.20 3214.51
1655936617 447282372 427375520 33685479 2314043 32859165 27505720 10012 131999 92138.48 93531.88 2631.03 3214.09
1655936627 447282372 427375520 33685479 2314043 32859216 27505758 10012 131999 92139.36 93531.48 2629.49 3215.10
1655936637 447282372 427375520 33685479 2314043 32859254 27505808 10012 131999 92138.63 93533.05 2630.22 3213.52
1655936648 447282372 427375520 33685479 2314043 32859290 27505862 10012 131999 92139.98 93531.58 2629.44 3214.53
1655936658 447282372 427375520 33685479 2314043 32859329 27505911 10012 131999 92139.04 93531.67 2629.93 3215.34
1655936668 447282372 427375520 33685479 2314043 32859380 27505946 10012 131999 92139.74 93533.18 2629.61 3213.44
1655936678 447282372 427375520 33685479 2314043 32859418 27505997 10012 131999 92138.96 93531.70 2630.50 3214.77
1655936688 447282372 427375520 33685479 2314043 32859473 27506032 10012 131999 92137.33 93531.52 2631.14 3215.01
1655936698 447282372 427375520 33685479 2314043 32859523 27506070 10012 131999 92139.29 93533.31 2630.12 3213.77
1655936708 447282372 427375520 33685479 2314043 32859560 27506122 10012 131999 92140.20 93531.27 2628.66 3214.85
1655936719 447282372 427375520 33685479 2314043 32859598 27506173 10012 131999 92139.08 93531.72 2629.80 3213.91
1655936729 447282372 427375520 33685479 2314043 32859636 27506222 10012 131999 92138.96 93531.09 2630.52 3215.38
1655936739 447282372 427375520 33685479 2314043 32859688 27506259 10012 131999 92137.97 93532.46 2630.45 3214.01
1655936749 447282372 427375520 33685479 2314043 32859741 27506294 10012 131999 92137.87 93531.46 2631.10 3214.51
1655936759 447282372 427375520 33685479 2314043 32859793 27506331 10012 131999 92138.09 93533.33 2630.72 3214.39
1655936769 447282372 427375520 33685479 2314043 32859846 27506368 10012 131999 92137.76 93532.46 2631.27 3214.54
1655936779 447282372 427375520 33685479 2314043 32859898 27506404 10012 131999 92137.30 93532.59 2632.17 3213.88
1655936789 447282372 427375520 33685479 2314043 32859949 27506440 10012 131999 92136.97 93532.18 2631.46 3214.86
1655936800 447282372 427375520 33685479 2314043 32860002 27506478 10012 131999 92136.87 93533.13 2631.65 3213.84
1655936810 447282372 427375520 33685479 2314043 32860054 27506514 10012 131999 92136.66 93532.77 2632.82 3213.79
1655936820 447282372 427375520 33685479 2314043 32860106 27506550 10012 131999 92136.76 93534.10 2632.25 3212.86
1655936830 447282372 427375520 33685479 2314043 32860159 27506588 10012 131999 92135.76 93532.98 2633.23 3214.00
1655936840 447282372 427375520 33685479 2314043 32860211 27506625 10012 131999 92138.26 93533.34 2630.60 3214.26
1655936851 447282372 427375520 33685479 2314043 32860249 27506674 10012 131999 92136.83 93533.16 2631.68 3213.31
1655936861 447282372 427375520 33685479 2314043 32860302 27506711 10012 131999 92136.57 93533.43 2631.45 3213.55
1655936871 447282372 427375520 33685479 2314043 32860354 27506747 10012 131999 92136.99 93533.24 2631.93 3213.83
1655936881 447282372 427375520 33685479 2314043 32860406 27506782 10012 131999 92136.58 93532.35 2631.38 3214.61
1655936891 447282372 427375520 33685479 2314043 32860458 27506818 10012 131999 92137.73 93533.12 2631.63 3213.43
1655936901 447282372 427375520 33685479 2314043 32860497 27506870 10012 131999 92136.38 93532.11 2631.64 3214.35
1655936911 447282372 427375520 33685479 2314043 32860549 27506906 10012 131999 92137.79 93532.92 2632.17 3214.14
1655936922 447282372 427375520 33685479 2314043 32860598 27506945 10012 131999 92138.95 93533.39 2629.91 3213.20
1655936932 447282372 427375520 33685479 2314043 32860637 27506995 10012 131999 92138.75 93533.27 2629.71 3213.71
1655936942 447282372 427375520 33685479 2314043 32860688 27507032 10012 131999 92139.09 93532.74 2630.30 3213.82
1655936952 447282372 427375520 33685479 2314043 32860725 27507083 10012 131999 92139.16 93532.39 2629.83 3213.58
1655936962 447282372 427375520 33685479 2314043 32860776 27507119 10012 131999 92138.39 93532.29 2630.61 3213.68
1655936972 447282372 427375520 33685479 2314043 32860829 27507156 10012 131999 92138.35 93532.41 2631.03 3214.15
1655936983 447282372 427375520 33685479 2314043 32860868 27507205 10012 131999 92137.42 93531.64 2630.57 3214.92
1655936993 447282372 427375520 33685479 2314043 32860918 27507242 10012 131999 92138.93 93531.21 2630.45 3214.86
1655937003 447282372 427375520 33685479 2314043 32860958 27507301 10012 131999 92139.92 93532.82 2628.93 3214.79
1655937013 447282372 427375520 33685479 2314043 32860997 27507350 10012 131999 92139.45 93532.38 2629.01 3214.11
1655937023 447282372 427375520 33685479 2314043 32861048 27507387 10012 131999 92137.64 93532.34 2631.36 3214.12
1655937033 447282372 427375520 33685479 2314043 32861101 27507423 10012 131999 92138.76 93532.48 2630.71 3214.55
1655937043 447282372 427375520 33685479 2314043 32861153 27507460 10012 131999 92137.68 93532.40 2631.84 3214.07
1655937053 447282372 427375520 33685479 2314043 32861205 27507498 10012 131999 92138.13 93532.97 2631.37 3213.06
1655937064 447282372 427375520 33685479 2314043 32861258 27507534 10012 131999 92138.21 93533.13 2631.27 3213.34
